1.0970970970970964 0.4561812950338697
-1.7057057057057055 -0.1345005138969164
-3.65965965965966 -0.8687780240822585
3.803803803803804 -0.7886346079352127
2.794794794794795 -0.9404659021465221
-0.0080080080080078 0.9999679360752226
-2.778778778778779 -0.934901864232176
2.6826826826826817 -0.8965358814536729
3.371371371371371 -0.9737168185389348
1.593593593593594 -0.022795292168339
6.398398398398399 0.9933703102487468
4.236236236236236 -0.4583632700730428
-2.3943943943943946 -0.7335957697172012
6.782782782782782 0.8777754712653538
-6.094094094094094 0.9821754620705824
-0.8088088088088092 0.6903607080725417
0.8888888888888893 0.6302750509229448
-2.0260260260260257 -0.4396686320781672
5.38938938938939 0.626457798595755
-1.961961961961962 -0.3812662631235444
-5.46946946946947 0.6868023454476199
3.451451451451451 -0.9523766353235216
-5.021021021021021 0.3037555977954676
-5.421421421421421 0.6510997061918078
4.46046046046046 -0.2492720649354552
-6.062062062062062 0.9756517083886416
-1.3853853853853852 0.1843504471931795
-1.7377377377377377 -0.16616706363708
1.7697697697697699 -0.1976631320604124
-5.341341341341341 0.5882979136241434
0.1361361361361357 0.9907477787912494
2.9069069069069062 -0.9725874649916044
5.565565565565565 0.7533731038283665
-7.1991991991991995 0.6089866892629249
5.405405405405405 0.6388606886044129
-3.5155155155155153 -0.9309016081229486
0.536536536536536 0.8594842246750477
-7.807807807807808 0.0461574206450362
2.33033033033033 -0.688583599303804
-1.4974974974974975 0.0732332112660512
-0.3123123123123124 0.9516256337114573
-1.5775775775775776 -0.0067811988097549
-0.0720720720720722 0.9974039322531763
3.97997997997998 -0.668662823688601
3.483483483483484 -0.9421224132556016
3.851851851851851 -0.7581928963370076
6.078078078078079 0.979039150567233
-7.35935935935936 0.4746992308713343
5.069069069069069 0.3491652031792881
2.6026026026026017 -0.8582274949826637
6.734734734734735 0.8997720741751898
-0.2002002002002001 0.9800267845611156
-7.087087087087087 0.693902447581834
5.213213213213214 0.4801487080283535
-3.243243243243243 -0.9948380259309112
5.2292292292292295 0.4941355693204891
1.481481481481481 0.0891961464726057
2.4104104104104103 -0.7443854796863342
-5.581581581581581 0.7638080557693545
4.428428428428429 -0.2801597811588316
7.263263263263264 0.5569578027512199
-4.412412412412412 -0.295497821109115
1.3053053053053052 0.2623831177144214
2.6506506506506504 -0.8818891362281726
6.062062062062061 0.9756517083886413
5.70970970970971 0.8400203501718232
-4.06006006006006 -0.6070387785731827
5.965965965965966 0.9501064494541122
-6.2542542542542545 0.9995815262782828
-3.2112112112112117 -0.9975776068477052
0.3763763763763759 0.9300026118329054
1.4174174174174166 0.1527782409147979
-4.044044044044044 -0.6196878623608989
-3.3393393393393396 -0.9805117537903462
-6.862862862862863 0.8366393136323205
-5.981981981981982 0.9549801906408592
-4.652652652652653 -0.0597008065978072
-4.7007007007007005 -0.011688013551701
6.206206206206206 0.9970385718381974
-7.647647647647648 0.2048730323580666
-5.005005005005005 0.2884580333476116
-5.373373373373374 0.6138942175974867
-1.6736736736736741 -0.1026959715592934
1.721721721721721 -0.1503530720962183
-7.39139139139139 0.4462676084036452
-4.348348348348349 -0.3560529619381147
-5.901901901901902 0.928187829603977
5.325325325325325 0.5752717562875294
6.238238238238239 0.9989900505422414
7.423423423423424 0.4173781317266152
-2.698698698698699 -0.9035152267086968
-5.037037037037037 0.3189752467193756
3.995995995995996 -0.6566686133722727
-7.631631631631632 0.2205223796748562
5.613613613613614 0.7840875662717753
-1.3053053053053052 0.2623831177144214
3.723723723723724 -0.8352928739747095
-2.218218218218218 -0.6031320063126974
6.142142142142141 0.9900698909674696
-1.593593593593594 -0.022795292168339
-6.942942942942943 0.7901408058914735
-3.2272272272272273 -0.9963356000595862
-7.67967967967968 0.1734207110995001
-6.718718718718719 0.9066451281242988
-3.1471471471471473 -0.999984573840322
3.3073073073073065 -0.9863007199207058
-2.3463463463463468 -0.700108915023911
3.0190190190190194 -0.9924972527394647
8.0 -0.1455000338086136
3.3873873873873865 -0.9699442509135696
2.01001001001001 -0.4252279120424476
5.421421421421421 0.6510997061918078
-4.012012012012012 -0.6445059627722319
7.071071071071071 0.7053455959800073
-3.4354354354354353 -0.9571379510261117
-6.702702702702703 0.913285620992374
5.485485485485485 0.6983549117358737
-4.14014014014014 -0.5415239833977455
-0.7287287287287292 0.7460215721756691
-4.940940940940941 0.2265673776692154
-2.9709709709709706 -0.9854793987315426
0.6806806806806804 0.777144531385488
4.54054054054054 -0.1710038531573995
0.7767767767767761 0.7131766677467142
0.4724724724724716 0.8904458153317932
-1.2412412412412417 0.3236220884312906
-7.327327327327328 0.5026438293271266
1.353353353353354 0.2157335166696702
5.3573573573573565 0.601173168259669
-5.405405405405405 0.6388606886044129
-6.878878878878879 0.827759546674458
3.0990990990990994 -0.999097284761877
5.54954954954955 0.7427449061972915
4.108108108108109 -0.5681704451827675
-4.972972972972973 0.2576448726063791
2.2342342342342345 -0.615829143519019
1.065065065065065 0.484447292510507
-0.6166166166166169 0.8158396592751093
5.46946946946947 0.6868023454476199
-3.851851851851852 -0.758192896337007
5.197197197197196 0.4660386850943211
-4.156156156156156 -0.5279906773536895
4.316316316316316 -0.385798032486499
-3.2912912912912917 -0.9888160680547304
-0.9369369369369372 0.5922588557534473
7.103103103103104 0.6822813081501944
-3.3713713713713718 -0.9737168185389345
-3.083083083083083 -0.9982888033347193
-3.2592592592592595 -0.9930852686003556
-2.3143143143143146 -0.676881656873567
3.835835835835835 -0.7685381368555714
-2.986986986986987 -0.988072331184358
-2.25025025025025 -0.6283683160631954
-5.885885885885886 0.9221092889030575
5.821821821821821 0.895446348047597
-4.892892892892893 0.1795253218174612
4.172172172172171 -0.5143219378540372
-2.09009009009009 -0.496267128222343
-6.014014014014014 0.9639916075679006
-0.5365365365365369 0.8594842246750473
0.408408408408409 0.9177540841951186
-4.2842842842842845 -0.415147288394064
-7.823823823823824 0.0301532389697533
-7.27927927927928 0.5435849849487904
-1.7697697697697699 -0.1976631320604124
-5.645645645645645 0.8035626316700736
-1.193193193193193 0.3686935210212538
7.615615615615616 0.2361151613945696
3.8678678678678686 -0.747653173816461
-7.247247247247248 0.5701877568193396
0.1201201201201201 0.9927942488466412
-5.453453453453454 0.6750736093538274
4.668668668668669 -0.0437063847347449
2.746746746746746 -0.9230558497133786
5.86986986986987 0.9157942204511952
-1.8338338338338345 -0.2600147777697979
-2.9229229229229228 -0.976186889938163
-7.663663663663664 0.1891711336158043
-0.1361361361361366 0.9907477787912492
-6.27027027027027 0.9999166020700438
-2.138138138138138 -0.5373922132372189
-2.874874874874875 -0.9646411750569068
-2.586586586586587 -0.8498972432874978
-2.426426426426427 -0.7549842493564556
-7.711711711711712 0.1417904665476711
2.3623623623623615 -0.7114546477064324
6.846846846846846 0.845304476510617
-5.597597597597598 0.7740470853790559
1.9459459459459456 -0.366411746746295
7.775775775775776 0.0781261626992976
-7.455455455455456 0.3880604403844425
-5.565565565565565 0.7533731038283665
5.517517517517517 0.7209197275750251
3.5955955955955954 -0.8986987510274153
-4.876876876876877 0.1637471611750298
-2.3623623623623624 -0.7114546477064331
-2.7627627627627627 -0.9290980171781096
-4.796796796796797 0.0843076223384975
-0.696696696696697 0.7669660569250915
-4.54054054054054 -0.1710038531573995
-3.483483483483483 -0.9421224132556018
-7.903903903903904 -0.0499015361915392
4.476476476476476 -0.2337303115866156
5.693693693693694 0.8312234181478516
-1.8178178178178177 -0.2445169517522787
-2.458458458458458 -0.77559814282803
7.55155155155155 0.2978408782192504
4.748748748748749 0.0363517574261539
4.044044044044044 -0.6196878623608989
1.5455455455455454 0.0252480980103184
1.4974974974974966 0.073233211266052
4.716716716716716 0.0043277228227923
3.755755755755755 -0.8172560161488668
-0.8888888888888893 0.6302750509229448
-3.0190190190190194 -0.9924972527394647
-4.22022022022022 -0.4725383482277718
-2.666666666666667 -0.8893265682130415
-0.8728728728728727 0.642628069387951
4.876876876876876 0.1637471611750289
0.0240240240240244 0.9997114370140144
-6.51051051051051 0.9742727047346644
-0.0880880880880879 0.9961227524703198
6.718718718718719 0.9066451281242988
1.9779779779779787 -0.396022981926458
-1.4494494494494496 0.1210492897609607
6.8308308308308305 0.8537528126319361
-5.501501501501501 0.7097283449011661
-6.238238238238238 0.9989900505422414
0.6326326326326317 0.8064737082700916
-0.4724724724724725 0.8904458153317929
2.666666666666666 -0.889326568213041
4.8608608608608606 0.1479269981927206
1.6096096096096097 -0.0388035383683982
-5.181181181181181 0.4518091198420807
7.087087087087086 0.6939024475818346
3.81981981981982 -0.7786862417425867
-5.277277277277277 0.535321469499879
3.65965965965966 -0.8687780240822585
1.561561561561561 0.0092346339757306
7.35935935935936 0.4746992308713343
-7.887887887887888 -0.0338997576561389
3.4994994994994997 -0.936632137172943
-7.183183183183183 0.6216116320528011
1.4494494494494496 0.1210492897609607
-6.142142142142142 0.9900698909674696
-0.4564564564564568 0.8976200179556821
-2.6506506506506504 -0.8818891362281726
1.3853853853853852 0.1843504471931795
6.494494494494495 0.9777571635871628
0.4244244244244246 0.9112759038044526
7.455455455455456 0.3880604403844425
5.533533533533534 0.7319261890862574
0.0080080080080087 0.9999679360752228
-1.561561561561562 0.0092346339757297
0.7127127127127117 0.7565908500831038
0.7927927927927936 0.7018587038452101
1.8818818818818812 -0.3060922670466102
0.2642642642642646 0.9652849356663572
4.572572572572572 -0.139361316372311
-0.4404404404404403 0.9045639745050514
0.04004004004004 0.9991985046854754
-6.35035035035035 0.9977452762942476
1.145145145145145 0.4129139459868684
1.92992992992993 -0.3514632430863891
0.2322322322322314 0.9731550708307252
3.163163163163164 -0.999767365578728
5.7257257257257255 0.8486018108557228
-5.133133133133134 0.4084398177399813
-4.956956956956957 0.2421371801132334
-4.524524524524525 -0.1867613525309633
-4.268268268268269 -0.4296640593778676
1.7057057057057055 -0.1345005138969164
6.35035035035035 0.9977452762942476
2.9389389389389393 -0.9795359158351122
-4.908908908908909 0.1952574329068548
-2.4424424424424425 -0.765389360065923
4.652652652652652 -0.0597008065978081
0.5045045045045047 0.8754140913891871
0.1521521521521514 0.988447174712169
6.526526526526526 0.9705383378350076
3.611611611611611 -0.8915597022070324
-5.117117117117117 0.3937688756320396
-7.871871871871872 -0.0178892835859126
-3.755755755755755 -0.8172560161488668
7.743743743743744 0.1100147501741582
-4.684684684684685 -0.0277007518655613
1.1931931931931938 0.368693521021253
4.62062062062062 -0.0916396104906755
4.092092092092091 -0.5812767659121449
5.741741741741741 0.856965598992362
-6.910910910910911 0.8093653658829782
4.188188188188189 -0.5005212710300572
3.9479479479479487 -0.6921336610561176
-0.6486486486486491 0.7969008908830636
3.675675675675675 -0.860735780504339
4.604604604604605 -0.107575799984582
5.261261261261261 0.5217254885639023
0.1841841841841845 0.983085990005633
7.4074074074074066 0.431878260025277
4.764764764764765 0.0523518412568228
3.963963963963964 -0.6804855171188836
-1.0170170170170172 0.5259054427087353
0.2962962962962958 0.95642445353823
6.478478478478479 0.98099082060342
2.5545545545545547 -0.8325849180818934
1.401401401401401 0.16858596581825
-7.43943943943944 0.4027709428962174
-5.997997997997998 0.9596089724508748
4.924924924924925 0.2109394590420926
3.9319319319319312 -0.7036042676665176
2.266266266266266 -0.6407463075561114
-7.343343343343342 0.4887342120423446
-6.926926926926927 0.7998556702907501
-0.7447447447447448 0.7352609342995796
-5.069069069069069 0.3491652031792881
-7.103103103103103 0.682281308150195
-1.6096096096096097 -0.0388035383683982
-6.446446446446446 0.9867024758461332
4.7007007007007005 -0.011688013551701
-5.2292292292292295 0.4941355693204891
1.6576576576576567 -0.0867521455178028
-6.990990990990991 0.7597903784742815
2.138138138138139 -0.5373922132372195
-3.5475475475475475 -0.9187257320603556
5.3093093093093096 0.5620980375540904
6.2542542542542545 0.9995815262782828
-1.2252252252252251 0.3387340717341329
-4.108108108108109 -0.5681704451827675
-7.83983983983984 0.0141413227689839
-5.293293293293294 0.5487801365786631
-2.5225225225225225 -0.8144183912667662
-5.533533533533534 0.7319261890862574
5.181181181181181 0.4518091198420807
7.535535535535536 0.3130911630340377
-5.261261261261261 0.5217254885639023
-0.248248248248248 0.9693443251894898
2.1221221221221214 -0.5238170422549369
1.8978978978978989 -0.3212996346438812
2.17017017017017 -0.5641255733756247
-3.451451451451452 -0.9523766353235213
4.14014014014014 -0.5415239833977455
1.641641641641641 -0.0707860669189265
-7.791791791791792 0.0621497626056272
-0.6326326326326326 0.8064737082700911
0.3283283283283289 0.9465827149762462
6.638638638638639 0.9374888188297338
-0.5685685685685691 0.8426725586487501
-3.691691691691692 -0.8524727519275376
-7.535535535535536 0.3130911630340377
-3.963963963963964 -0.6804855171188836
-1.1611611611611616 0.3982747042693942
4.508508508508509 -0.2024709462568898
4.076076076076076 -0.5942339849159758
4.012012012012011 -0.6445059627722326
7.343343343343344 0.4887342120423439
2.458458458458459 -0.7755981428280305
-5.757757757757758 0.865109569209147
-7.51951951951952 0.3282611376843751
-3.643643643643644 -0.8765974197672243
-6.4624624624624625 0.9839728463268518
-2.042042042042042 -0.4539965739064049
0.8728728728728736 0.6426280693879504
1.3693693693693696 0.2000676413352564
-0.9529529529529528 0.5792785791214827
0.7287287287287292 0.7460215721756691
0.2802802802802802 0.9609779435243158
-0.984984984984985 0.5528756259790627
2.7307307307307305 -0.9167769116979604
-7.75975975975976 0.0940825228630201
-7.007007007007007 0.7492802747869091
-5.197197197197197 0.4660386850943218
-4.364364364364365 -0.3410415178366376
-6.974974974974975 0.7701055903938647
0.2162162162162158 0.976716195106041
1.1611611611611607 0.3982747042693951
-6.894894894894895 0.8186674533619512
-0.7927927927927927 0.7018587038452108
-7.231231231231231 0.5832714535735392
-2.6026026026026026 -0.8582274949826642
-1.881881881881882 -0.306092267046611
7.183183183183184 0.6216116320528003
1.0010010010010006 0.5394597220184565
-4.828828828828829 0.1161769068897492
1.7377377377377385 -0.166167063637081
-6.622622622622623 0.942942164310522
-4.62062062062062 -0.0916396104906755
2.698698698698699 -0.9035152267086968
7.727727727727727 0.1259187579003286
-0.9689689689689694 0.5661497133134425
-4.028028028028028 -0.6321779916969744
-6.286286286286286 0.9999951919681428
-3.995995995995996 -0.6566686133722727
-3.8998998998999 -0.7260011460244733
-2.6346346346346348 -0.8742254932545594
5.885885885885886 0.9221092889030575
2.0420420420420413 -0.4539965739064041
3.5155155155155153 -0.9309016081229486
-4.988988988988989 0.2730864773125431
1.1131131131131138 0.441870955211026
3.211211211211211 -0.9975776068477052
2.218218218218219 -0.6031320063126981
7.43943943943944 0.4027709428962174
0.904904904904905 0.6177603623152951
-0.7607607607607605 0.7243116966368497
2.3143143143143146 -0.676881656873567
-6.814814814814815 0.8619821549365098
7.39139139139139 0.4462676084036452
-6.8308308308308305 0.8537528126319361
-3.003003003003003 -0.990411815885289
3.73973973973974 -0.8263804313625477
-1.3373373373373374 0.2313440547852594
-4.924924924924925 0.2109394590420926
-3.563563563563563 -0.9122835082486788
7.807807807807807 0.0461574206450371
-7.295295295295294 0.5300727336372489
-2.2022022022022023 -0.5902801613524348
2.4904904904904903 -0.7954163010327772
-4.38038038038038 -0.325942594101062
5.581581581581581 0.7638080557693545
1.2732732732732739 0.2931529851818395
-5.94994994994995 0.9449889990407582
3.0510510510510507 -0.9959039084908974
-3.5795795795795797 -0.9056072770703854
3.115115115115115 -0.999649490456232
1.8338338338338345 -0.2600147777697979
6.51051051051051 0.9742727047346644
-2.01001001001001 -0.4252279120424476
-6.03003003003003 0.9681269718140978
-0.3763763763763768 0.9300026118329052
-2.298298298298298 -0.6650060893666908
3.4354354354354353 -0.9571379510261117
-5.54954954954955 0.7427449061972915
-3.0510510510510507 -0.9959039084908974
-5.485485485485485 0.6983549117358737
-7.151151151151151 0.6463799764045441
4.7807807807807805 0.0683384964587822
-6.59059059059059 0.9531219038852498
7.487487487487487 0.3583446132538721
-7.263263263263262 0.5569578027512205
5.62962962962963 0.7939269229910099
7.695695695695696 0.1576258049072835
-4.812812812812813 0.1002551226988304
-6.382382382382382 0.9950840032615083
-7.071071071071071 0.7053455959800073
-1.0810810810810807 0.4703746210308724
6.894894894894895 0.8186674533619512
6.926926926926926 0.7998556702907507
-3.835835835835835 -0.7685381368555714
4.2042042042042045 -0.4865922168533422
-4.7807807807807805 0.0683384964587822
4.796796796796796 0.0843076223384966
-0.1201201201201201 0.9927942488466412
6.7507507507507505 0.8926682221334606
-1.433433433433433 0.1369313272794327
3.0670670670670663 -0.9972242535561344
-4.508508508508509 -0.2024709462568898
5.2772772772772765 0.5353214694998782
-0.5525525525525525 0.8511875595672211
-1.4814814814814818 0.0891961464726048
-1.0970970970970972 0.4561812950338689
-7.503503503503502 0.3433469109612395
2.762762762762762 -0.9290980171781092
6.702702702702702 0.9132856209923744
-7.935935935935936 -0.0818625916500552
4.06006006006006 -0.6070387785731827
4.940940940940941 0.2265673776692154
-5.38938938938939 0.626457798595755
5.837837837837839 0.9024610399945002
-7.055055055055055 0.716607818093777
-6.366366366366366 0.9965424499774114
4.636636636636636 -0.0756799147690068
6.43043043043043 0.9891790089914047
-7.31131131131131 0.5164245148075051
-2.4744744744744747 -0.7856079790156192
0.2482482482482488 0.9693443251894898
-2.5545545545545547 -0.8325849180818934
-4.46046046046046 -0.2492720649354552
-0.6006006006006004 0.8249963414634477
-4.444444444444445 -0.264749878183483
-1.8978978978978975 -0.3212996346438804
-7.951951951951952 -0.0978136703295844
3.275275275275275 -0.9910777776629446
-3.195195195195195 -0.9985637277114784
7.871871871871872 -0.0178892835859117
-7.775775775775776 0.0781261626992976
7.055055055055055 0.716607818093777
-2.746746746746747 -0.923055849713379
2.874874874874875 -0.9646411750569068
-2.8588588588588593 -0.960296348350031
6.574574574574575 0.9578456868018213
-3.4674674674674675 -0.9473710280751086
-2.8428428428428427 -0.955705198633239
4.892892892892894 0.179525321817462
2.0740740740740744 -0.4822994519257038
-6.078078078078078 0.9790391505672328
1.3213213213213209 0.2468952514652608
7.567567567567567 0.2825141950491792
6.094094094094094 0.9821754620705824
2.714714714714715 -0.910262813725203
-4.092092092092092 -0.5812767659121443
1.9939939939939944 -0.410678117949147
-3.3553553553553552 -0.9772396207060012
7.983983983983984 -0.1296364727992082
1.4654654654654653 0.1051362022177203
1.0330330330330337 0.512216264821297
-4.636636636636636 -0.0756799147690068
-1.6256256256256254 -0.0548018311781496
-6.318318318318318 0.9993828992435002
-5.661661661661661 0.8129922206794862
6.446446446446446 0.9867024758461332
0.5845845845845847 0.83394140607941
7.935935935935936 -0.0818625916500552
3.243243243243244 -0.994838025930911
-1.9939939939939944 -0.410678117949147
-0.904904904904905 0.6177603623152951
4.972972972972974 0.25764487260638
-5.613613613613614 0.7840875662717753
6.27027027027027 0.9999166020700438
-2.506506506506507 -0.8050205929734459
-2.714714714714715 -0.910262813725203
3.2272272272272264 -0.9963356000595862
1.1291291291291294 0.4274472722687716
6.126126126126126 0.9876915397277546
-6.11011011011011 0.9850598384119384
3.2592592592592595 -0.9930852686003556
-2.378378378378378 -0.7226178870882746
2.2022022022022014 -0.590280161352434
-1.6896896896896898 -0.118613455335851
1.2412412412412408 0.3236220884312914
-1.1771771771771773 0.3835333021885106
1.0490490490490494 0.4983956997300077
-0.1681681681681679 0.985893026731108
1.0810810810810807 0.4703746210308724
6.158158158158159 0.9921942820666618
0.3443443443443446 0.9412969908779952
3.771771771771771 -0.807921968812648
7.167167167167166 0.6340771269300937
-1.113113113113113 0.4418709552110268
-5.853853853853854 0.9092442441094583
-5.741741741741741 0.856965598992362
-3.883883883883884 -0.7369216728095512
-2.4104104104104103 -0.7443854796863342
-7.375375375375376 0.4605424858890242
0.8248248248248249 0.6786856297483959
3.403403403403404 -0.965922885520987
7.887887887887888 -0.0338997576561398
-6.43043043043043 0.9891790089914047
5.501501501501501 0.7097283449011661
5.101101101101101 0.3789969289385618
4.444444444444445 -0.264749878183483
-5.70970970970971 0.8400203501718232
-6.7507507507507505 0.8926682221334606
2.4744744744744747 -0.7856079790156192
7.27927927927928 0.5435849849487904
-1.3213213213213217 0.2468952514652598
-7.91991991991992 -0.065890514619331
1.9619619619619613 -0.3812662631235435
7.151151151151151 0.6463799764045441
-1.353353353353353 0.215733516669671
-7.855855855855856 -0.0018742207841071
-4.604604604604605 -0.107575799984582
3.787787787787789 -0.7983806836050387
5.757757757757757 0.8651095692091466
-4.236236236236236 -0.4583632700730428
-3.931931931931932 -0.7036042676665171
5.645645645645645 0.8035626316700736
0.9369369369369362 0.5922588557534479
2.586586586586586 -0.8498972432874974
-2.1861861861861867 -0.5772769052300991
7.91991991991992 -0.065890514619331
6.462462462462462 0.9839728463268518
0.8568568568568562 0.6548162490710747
-0.4084084084084081 0.917754084195119
1.433433433433434 0.1369313272794318
7.1991991991991995 0.6089866892629249
3.291291291291291 -0.9888160680547305
4.3003003003003 -0.400524029106091
3.4674674674674666 -0.947371028075109
2.4424424424424416 -0.7653893600659224
1.9139139139139143 -0.3364245865439271
-5.053053053053053 0.334113076168497
-2.0740740740740744 -0.4822994519257038
-2.8908908908908906 -0.9687385642741602
7.79179179179179 0.0621497626056281
0.0880880880880888 0.9961227524703198
5.293293293293294 0.5487801365786631
-5.245245245245245 0.5079956812389019
5.78978978978979 0.8807297568531057
6.942942942942944 0.790140805891473
-2.906906906906907 -0.9725874649916046
3.643643643643644 -0.8765974197672243
5.165165165165165 0.4374636622587924
2.1861861861861858 -0.5772769052300983
-6.046046046046046 0.9720140044384076
-4.396396396396396 -0.3107600637153342
3.4194194194194196 -0.9616537538707102
6.542542542542542 0.9665550207805104
-0.6646646646646648 0.7871236626114337
-1.5455455455455454 0.0252480980103184
4.2842842842842845 -0.415147288394064
3.1311311311311307 -0.9999452787729998
-5.165165165165165 0.4374636622587924
-3.5955955955955954 -0.8986987510274153
0.6486486486486491 0.7969008908830636
-3.73973973973974 -0.8263804313625477
-6.574574574574575 0.9578456868018213
-7.567567567567568 0.2825141950491784
0.9209209209209206 0.6050872136738091
-3.531531531531532 -0.9249322960280713
5.341341341341341 0.5882979136241434
0.9689689689689694 0.5661497133134425
-0.2642642642642646 0.9652849356663572
-3.915915915915915 -0.7148943946559128
-3.707707707707708 -0.8439910578788882
2.1541541541541545 -0.5508295392014524
7.903903903903904 -0.0499015361915392
-2.17017017017017 -0.5641255733756247
-7.167167167167167 0.634077126930093
-6.126126126126126 0.9876915397277546
-3.867867867867868 -0.7476531738164616
4.988988988988989 0.2730864773125431
-7.471471471471472 0.3732503975423624
3.1471471471471464 -0.999984573840322
7.951951951951952 -0.0978136703295835
0.3123123123123115 0.9516256337114574
-1.9139139139139143 -0.3364245865439271
2.8588588588588593 -0.960296348350031
-2.6826826826826826 -0.8965358814536734
-1.5135135135135132 0.0572514912072424
-7.551551551551552 0.2978408782192496
3.531531531531531 -0.9249322960280716
-0.2962962962962967 0.9564244535382298
0.0560560560560557 0.9984292706604854
6.046046046046046 0.9720140044384076
4.22022022022022 -0.4725383482277718
1.6736736736736741 -0.1026959715592934
7.023023023023024 0.7385779752499183
-6.654654654654655 0.9317950006365238
-5.3093093093093096 0.5620980375540904
5.933933933933934 0.9396291520641126
-6.798798798798799 0.8699903925380792
-6.526526526526526 0.9705383378350076
-0.2162162162162167 0.976716195106041
-7.615615615615616 0.2361151613945696
-6.1741741741741745 0.9940641681035364
-4.076076076076076 -0.5942339849159758
-4.3003003003003 -0.400524029106091
-4.588588588588589 -0.1234843955020124
-2.954954954954955 -0.9826336836329084
5.94994994994995 0.9449889990407582
5.597597597597597 0.7740470853790554
6.958958958958959 0.7802232646186467
-1.7857857857857855 -0.213337129971857
0.4404404404404403 0.9045639745050514
-0.8408408408408405 0.6668364636154255
7.663663663663664 0.1891711336158043
-4.188188188188189 -0.5005212710300572
0.8088088088088092 0.6903607080725417
4.588588588588589 -0.1234843955020124
-4.316316316316316 -0.385798032486499
-7.135135135135135 0.6585170247056267
6.910910910910911 0.8093653658829782
-1.84984984984985 -0.2754459081023926
-4.8608608608608606 0.1479269981927206
0.616616616616616 0.8158396592751098
7.3273273273273265 0.5026438293271274
-0.5205205205205203 0.8675604258171812
5.117117117117116 0.3937688756320388
5.981981981981981 0.954980190640859
3.7077077077077063 -0.8439910578788886
1.5775775775775767 -0.006781198809754
-3.3873873873873874 -0.9699442509135692
-0.2322322322322324 0.973155070830725
-6.398398398398399 0.9933703102487468
-3.403403403403403 -0.9659228855209872
-5.917917917917918 0.9340282833639758
2.6346346346346348 -0.8742254932545594
-5.213213213213214 0.4801487080283535
-1.3693693693693696 0.2000676413352564
-7.215215215215214 0.5962055369502746
2.346346346346346 -0.7001089150239104
6.11011011011011 0.9850598384119384
-0.5045045045045047 0.8754140913891871
-2.1221221221221223 -0.5238170422549376
-6.334334334334335 0.9986921736783032
-5.4374374374374375 0.6631717119607576
4.556556556556556 -0.1552024900495943
-5.8058058058058055 0.8882019675883427
2.3943943943943946 -0.7335957697172012
4.844844844844845 0.1320688908576037
3.915915915915915 -0.7148943946559128
2.0580580580580587 -0.4682080623056897
-2.7307307307307305 -0.9167769116979604
-0.2802802802802802 0.9609779435243158
5.773773773773774 0.8730316325183809
-7.967967967967968 -0.1137396590900186
-6.734734734734735 0.8997720741751898
0.3603603603603602 0.9357698172434458
2.8428428428428436 -0.9557051986332392
-6.302302302302302 0.9998172758136984
0.9529529529529536 0.5792785791214821
-6.846846846846847 0.8453044765106166
-4.5725725725725725 -0.1393613163723102
-2.1541541541541545 -0.5508295392014524
0.0720720720720713 0.9974039322531763
2.8108108108108105 -0.945788703704885
6.366366366366366 0.9965424499774114
-4.4924924924924925 -0.2181286047099317
1.7537537537537542 -0.1819384321154525
4.828828828828829 0.1161769068897492
-6.766766766766767 0.8853353941889169
6.19019019019019 0.995679069438701
-6.222222222222222 0.9981423265797554
3.035035035035035 -0.9943281068171373
-4.252252252252252 -0.4440706183999784
-2.8108108108108105 -0.945788703704885
4.396396396396396 -0.3107600637153342
-4.716716716716716 0.0043277228227923
-6.5425425425425425 0.9665550207805103
4.348348348348349 -0.3560529619381147
-1.9459459459459456 -0.366411746746295
-0.6806806806806804 0.777144531385488
0.1041041041041044 0.994586059943865
-4.476476476476476 -0.2337303115866156
-3.3073073073073074 -0.9863007199207058
-4.844844844844845 0.1320688908576037
-5.677677677677678 0.8222132712609648
-1.1291291291291294 0.4274472722687716
-0.3443443443443446 0.9412969908779952
3.563563563563564 -0.9122835082486787
-0.9209209209209206 0.6050872136738091
1.84984984984985 -0.2754459081023926
0.6966966966966961 0.766966056925092
-4.2042042042042045 -0.4865922168533422
6.878878878878879 0.827759546674458
-0.04004004004004 0.9991985046854754
2.5225225225225216 -0.8144183912667656
-0.8568568568568571 0.654816249071074
5.021021021021021 0.3037555977954676
0.5205205205205203 0.8675604258171812
-3.771771771771772 -0.8079219688126476
-1.2092092092092095 0.3537591672796126
5.1491491491491495 0.4230059920588452
3.1791791791791795 -0.9992937097037192
-0.8248248248248249 0.6786856297483959
-1.8658658658658656 -0.2908063845527044
2.9869869869869863 -0.988072331184358
7.2472472472472464 0.5701877568193403
-0.3923923923923924 0.9239968539765806
-6.414414414414415 0.9914018105138708
5.661661661661661 0.8129922206794862
-5.325325325325325 0.5752717562875294
7.855855855855856 -0.0018742207841071
-3.275275275275275 -0.9910777776629446
-7.583583583583582 0.2671150449297242
-1.0330330330330328 0.5122162648212978
7.823823823823824 0.0301532389697533
-4.332332332332332 -0.370973075860711
-2.058058058058058 -0.4682080623056889
-0.1521521521521523 0.988447174712169
7.63163163163163 0.2205223796748571
-1.4654654654654653 0.1051362022177203
-0.776776776776777 0.7131766677467135
3.0030030030030037 -0.990411815885289
-5.965965965965966 0.9501064494541122
5.853853853853854 0.9092442441094583
-6.206206206206206 0.9970385718381974
-5.7257257257257255 0.8486018108557228
7.83983983983984 0.0141413227689839
4.4124124124124116 -0.2954978211091158
-7.983983983983984 -0.1296364727992082
-7.695695695695696 0.1576258049072835
1.8018018018018012 -0.228956405355124
3.5795795795795797 -0.9056072770703854
6.3023023023023015 0.9998172758136984
-5.5175175175175175 0.7209197275750256
6.974974974974975 0.7701055903938647
7.31131131131131 0.5164245148075051
4.364364364364365 -0.3410415178366376
4.956956956956956 0.2421371801132326
-1.2892892892892895 0.2778036807822072
3.8998998998999 -0.7260011460244733
-5.101101101101101 0.3789969289385618
-5.821821821821822 0.8954463480475974
-3.163163163163163 -0.999767365578728
1.513513513513514 0.0572514912072416
-4.172172172172172 -0.5143219378540365
6.766766766766766 0.8853353941889174
1.8658658658658656 -0.2908063845527044
-5.773773773773774 0.8730316325183809
-2.5705705705705704 -0.8413489867572135
-0.0560560560560557 0.9984292706604854
-3.611611611611612 -0.891559702207032
6.686686686686686 0.919691849444613
-2.1061061061061057 -0.5101075083848708
-0.4244244244244246 0.9112759038044526
7.007007007007006 0.7492802747869096
-1.721721721721722 -0.1503530720962192
-7.023023023023023 0.738577975249919
-7.407407407407408 0.4318782600252762
-1.6576576576576576 -0.0867521455178037
3.3393393393393396 -0.9805117537903462
6.414414414414415 0.9914018105138708
-4.428428428428429 -0.2801597811588316
2.298298298298299 -0.6650060893666915
-4.764764764764765 0.0523518412568228
3.6276276276276263 -0.8841919618272731
5.453453453453454 0.6750736093538274
7.135135135135135 0.6585170247056267
6.286286286286286 0.9999951919681428
3.323323323323324 -0.9835323784659934
1.7857857857857855 -0.213337129971857
0.5525525525525516 0.8511875595672216
6.222222222222221 0.9981423265797552
-3.4194194194194196 -0.9616537538707102
-6.686686686686687 0.9196918494446126
5.037037037037036 0.3189752467193748
-5.1491491491491495 0.4230059920588452
6.990990990990991 0.7597903784742815
-3.115115115115115 -0.999649490456232
6.1741741741741745 0.9940641681035364
1.2092092092092095 0.3537591672796126
3.691691691691691 -0.852472751927538
-6.67067067067067 0.9258621702367426
6.334334334334335 0.9986921736783032
0.984984984984985 0.5528756259790627
-2.33033033033033 -0.688583599303804
-5.78978978978979 0.8807297568531057
5.005005005005005 0.2884580333476116
7.67967967967968 0.1734207110995001
1.6896896896896898 -0.118613455335851
3.195195195195195 -0.9985637277114784
-2.794794794794795 -0.9404659021465221
-7.039039039039039 0.7276862250811166
3.5475475475475466 -0.918725732060356
4.268268268268269 -0.4296640593778676
-3.947947947947948 -0.6921336610561183
-7.423423423423422 0.417378131726616
-1.065065065065065 0.484447292510507
4.908908908908909 0.1952574329068548
-0.7127127127127126 0.7565908500831032
6.014014014014014 0.9639916075679006
-4.668668668668669 -0.0437063847347449
2.378378378378379 -0.7226178870882752
6.03003003003003 0.9681269718140978
7.51951951951952 0.3282611376843751
-3.803803803803804 -0.7886346079352127
2.1061061061061057 -0.5101075083848708
-0.3603603603603602 0.9357698172434458
-1.273273273273273 0.2931529851818404
6.558558558558559 0.9623237753210184
3.0830830830830838 -0.9982888033347193
7.647647647647647 0.2048730323580674
1.3373373373373365 0.2313440547852602
6.798798798798799 0.8699903925380792
-7.743743743743744 0.1100147501741582
-2.9389389389389393 -0.9795359158351122
-0.0240240240240244 0.9997114370140144
-2.2822822822822824 -0.6529599429527656
2.0260260260260257 -0.4396686320781672
-3.723723723723724 -0.8352928739747095
-4.556556556556556 -0.1552024900495943
4.3323323323323315 -0.3709730758607118
4.492492492492492 -0.2181286047099326
2.618618618618619 -0.8663376050724606
-0.1041041041041044 0.994586059943865
-4.124124124124124 -0.5549183845946037
5.437437437437437 0.663171711960757
1.0170170170170163 0.5259054427087361
4.156156156156156 -0.5279906773536895
-5.837837837837838 0.9024610399944998
6.67067067067067 0.9258621702367426
3.883883883883884 -0.7369216728095512
-3.1311311311311307 -0.9999452787729998
0.2002002002002001 0.9800267845611156
4.732732732732732 0.0203423491048504
-6.638638638638639 0.9374888188297338
1.8178178178178184 -0.2445169517522796
0.4564564564564559 0.8976200179556826
-0.328328328328328 0.9465827149762464
2.826826826826826 -0.9508689035698836
6.3823823823823815 0.9950840032615084
0.7607607607607605 0.7243116966368497
2.426426426426426 -0.754984249356455
7.75975975975976 0.0940825228630201
-4.748748748748749 0.0363517574261539
-5.357357357357357 0.6011731682596697
-7.487487487487488 0.3583446132538713
-3.1791791791791795 -0.9992937097037192
-6.494494494494495 0.9777571635871628
2.5705705705705704 -0.8413489867572135
-5.693693693693694 0.8312234181478516
-3.323323323323323 -0.9835323784659936
3.3553553553553552 -0.9772396207060012
-1.2572572572572573 0.3084270937049082
1.6256256256256254 -0.0548018311781496
5.053053053053054 0.3341130761684979
-1.801801801801802 -0.2289564053551248
4.524524524524525 -0.1867613525309633
-6.19019019019019 0.995679069438701
7.231231231231231 0.5832714535735392
-3.627627627627627 -0.8841919618272727
-7.727727727727728 0.1259187579003277
-0.1841841841841845 0.983085990005633
4.2522522522522515 -0.4440706183999792
-3.81981981981982 -0.7786862417425867
-1.0010010010010006 0.5394597220184565
-2.2662662662662667 -0.6407463075561121
1.1771771771771764 0.3835333021885114
0.5685685685685691 0.8426725586487501
5.133133133133134 0.4084398177399813
-3.97997997997998 -0.668662823688601
-7.119119119119119 0.6704851585920233
-0.4884884884884881 0.8830432068686264
2.8908908908908906 -0.9687385642741602
7.119119119119119 0.6704851585920233
6.862862862862862 0.8366393136323209
-6.478478478478479 0.98099082060342
4.124124124124124 -0.5549183845946037
0.8408408408408405 0.6668364636154255
2.2822822822822815 -0.6529599429527649
7.583583583583584 0.2671150449297233
-1.4014014014014018 0.1685859658182491
6.654654654654655 0.9317950006365238
5.085085085085085 0.3641277667715015
7.503503503503504 0.3433469109612386
-1.977977977977978 -0.3960229819264572
-3.0990990990990994 -0.999097284761877
-5.62962962962963 0.7939269229910099
0.1681681681681688 0.985893026731108
-1.145145145145145 0.4129139459868684
-2.826826826826827 -0.9508689035698838
7.47147147147147 0.3732503975423632
6.622622622622622 0.9429421643105222
5.677677677677677 0.8222132712609643
-3.4994994994994997 -0.936632137172943
2.538538538538539 -0.8236072853090058
1.2252252252252251 0.3387340717341329
-2.538538538538538 -0.8236072853090054
6.814814814814815 0.8619821549365098
2.506506506506506 -0.8050205929734454
6.606606606606606 0.9481536382560398
-1.641641641641642 -0.0707860669189274
-6.558558558558559 0.9623237753210184
7.295295295295294 0.5300727336372489
0.3923923923923916 0.9239968539765808
-3.067067067067067 -0.9972242535561346
5.997997997997999 0.959608972450875
-0.5845845845845847 0.83394140607941
6.318318318318319 0.9993828992435002
4.812812812812812 0.1002551226988295
-1.0490490490490494 0.4983956997300077
-1.5295295295295297 0.041255085723813
-3.035035035035035 -0.9943281068171373
5.901901901901901 0.9281878296039768
7.375375375375376 0.4605424858890242
4.38038038038038 -0.325942594101062
-6.158158158158158 0.9921942820666618
-3.675675675675675 -0.860735780504339
5.245245245245245 0.5079956812389019
7.5995995995996 0.2516473778550875
1.2892892892892895 0.2778036807822072
-1.4174174174174174 0.152778240914797
7.967967967967968 -0.1137396590900194
4.028028028028029 -0.6321779916969736
-6.606606606606607 0.9481536382560394
2.9709709709709706 -0.9854793987315426
-3.787787787787788 -0.7983806836050392
0.7447447447447448 0.7352609342995796
1.5295295295295297 0.041255085723813
-5.86986986986987 0.9157942204511952
-5.933933933933934 0.9396291520641126
5.373373373373374 0.6138942175974867
0.6006006006006004 0.8249963414634477
-1.92992992992993 -0.3514632430863891
-2.2342342342342345 -0.615829143519019
5.8058058058058055 0.8882019675883427
-2.4904904904904903 -0.7954163010327772
6.59059059059059 0.9531219038852498
0.488488488488489 0.883043206868626
2.09009009009009 -0.496267128222343
7.71171171171171 0.141790466547672
2.25025025025025 -0.6283683160631954
-1.7537537537537542 -0.1819384321154525
7.039039039039039 0.7276862250811166
2.778778778778779 -0.934901864232176
7.215215215215214 0.5962055369502746
1.2572572572572565 0.308427093704909
4.684684684684685 -0.0277007518655613
5.917917917917919 0.9340282833639763
-6.958958958958959 0.7802232646186467
-7.5995995995996 0.2516473778550875
0.6646646646646648 0.7871236626114337
2.9229229229229237 -0.9761868899381632
-8.0 -0.1455000338086136
-4.732732732732733 0.0203423491048513
-2.618618618618619 -0.8663376050724606
-5.085085085085085 0.3641277667715015
2.954954954954955 -0.9826336836329084
-6.782782782782783 0.8777754712653534