1.5, 1.5, 0.5, 0.5
3, 0.5, 0.5
0.75, 1, 0.5, 1, 0.75
0.75, 1, 0.75, 0.5, 0.5, 0.5
0.75, 0.5, 0.5, 0.75, 0.5, 0.5, 0.5
0.75, 0.75, 0.5, 1, 1
0.75, 0.5, 0.75, 0.75, 0.75, 0.5
1, 0.75, 0.75, 1, 0.5
1.5, 1, 1.5
0.5, 0.5, 0.75, 0.75, 0.75, 0.75
0.75, 0.75, 0.5, 1.5, 0.5
0.5, 0.5, 0.5, 0.5, 1, 0.5, 0.5
0.75, 0.5, 0.75, 0.5, 0.5, 0.5, 0.5
2, 2
0.5, 0.5, 0.5, 1.5, 0.5, 0.5
0.75, 0.5, 0.75, 1, 1
2, 0.75, 0.75, 0.5
0.5, 2, 0.5, 0.5, 0.5
0.75, 0.5, 1, 0.5, 0.5, 0.75
0.75, 0.75, 0.5, 0.5, 0.5, 1
1, 0.75, 0.5, 0.5, 0.75, 0.5
0.75, 0.5, 0.5, 0.75, 0.5, 1
0.75, 0.5, 0.75, 1.5, 0.5
0.75, 1.5, 0.5, 0.75, 0.5
0.5, 0.75, 0.5, 0.75, 0.5, 0.5, 0.5
0.5, 0.5, 1, 0.75, 0.5, 0.75
0.5, 0.5, 1, 1.5, 0.5
0.75, 0.5, 1.5, 0.5, 0.75
0.75, 0.75, 1, 1, 0.5
0.5, 1, 0.75, 0.5, 0.5, 0.75
0.5, 0.5, 0.5, 1, 0.5, 1
0.5, 0.75, 0.5, 1, 0.75, 0.5
0.5, 0.5, 0.5, 0.5, 0.5, 0.5, 1
0.5, 1, 0.5, 2
0.5, 3, 0.5
0.5, 0.75, 1, 1, 0.75
0.5, 0.75, 0.75, 1, 0.5, 0.5
0.5, 0.5, 1, 0.5, 1.5
0.5, 1, 0.5, 0.5, 0.5, 1
0.5, 1, 1, 1, 0.5
0.5, 0.5, 0.5, 0.75, 0.75, 0.5, 0.5
0.5, 0.5, 0.5, 1.5, 1
0.75, 1, 1, 0.5, 0.75
1.5, 1, 1, 0.5
1, 2, 0.5, 0.5
0.5, 2, 1.5
0.75, 0.5, 1.5, 0.75, 0.5
1, 1, 2
0.75, 0.5, 1, 0.75, 0.5, 0.5
1, 1.5, 1.5
0.75, 0.75, 1.5, 0.5, 0.5
0.5, 0.5, 0.75, 0.75, 1, 0.5
1.5, 0.5, 0.5, 1, 0.5
0.5, 0.5, 0.5, 0.75, 1, 0.75
1, 1, 0.5, 0.75, 0.75
0.5, 0.5, 0.5, 0.5, 2
2, 1.5, 0.5
0.5, 0.75, 0.75, 0.5, 0.5, 1
0.5, 1.5, 1, 1
0.5, 1, 0.5, 1, 1
0.5, 1, 0.5, 0.5, 0.5, 0.5, 0.5
0.75, 0.5, 0.5, 1, 0.5, 0.75
0.5, 0.5, 1.5, 1, 0.5
0.5, 1.5, 0.5, 0.5, 0.5, 0.5
0.5, 1.5, 1.5, 0.5
1, 0.5, 0.5, 0.75, 0.5, 0.75
0.75, 1, 1, 0.75, 0.5
1.5, 0.5, 0.5, 0.5, 0.5, 0.5
1, 1.5, 0.5, 1
0.75, 0.5, 0.75, 0.5, 1, 0.5
0.5, 0.5, 1, 1, 0.5, 0.5
1, 0.5, 1, 1, 0.5
0.75, 1, 0.75, 1, 0.5
1, 0.5, 0.75, 0.5, 0.5, 0.75
1, 0.75, 0.5, 0.5, 0.5, 0.75
1.5, 2, 0.5
1, 0.5, 0.5, 1.5, 0.5
3, 1
0.5, 0.5, 0.75, 0.5, 0.75, 1
0.5, 1, 0.75, 0.75, 0.5, 0.5
0.75, 0.5, 0.5, 0.5, 1, 0.75
0.5, 1, 0.5, 1, 0.5, 0.5
1, 0.5, 0.5, 0.5, 0.5, 0.5, 0.5
0.5, 0.5, 0.5, 0.5, 0.5, 1.5
1, 0.75, 0.75, 1.5
0.5, 1, 1, 0.75, 0.75
0.75, 0.75, 0.75, 0.75, 1
0.75, 1, 0.5, 0.75, 1
0.75, 0.75, 1, 0.5, 1
1, 1.5, 0.5, 0.5, 0.5
0.5, 0.5, 0.75, 0.5, 0.5, 0.5, 0.75
1.5, 0.5, 0.75, 0.5, 0.75
0.75, 1.5, 0.75, 1
1, 3
0.5, 1, 0.75, 1, 0.75
0.75, 0.5, 0.5, 0.5, 0.75, 1
1, 0.5, 0.75, 0.5, 0.75, 0.5
0.5, 0.75, 0.75, 0.75, 0.75, 0.5
0.5, 0.5, 0.75, 0.75, 1.5
2, 0.5, 0.75, 0.75
0.5, 0.5, 1, 0.5, 0.5, 1
0.75, 0.75, 0.5, 2
0.5, 0.5, 1, 1, 1
1, 1, 0.5, 1, 0.5
0.75, 0.75, 1.5, 1
0.5, 1, 1.5, 1
0.75, 0.5, 0.5, 1.5, 0.75
0.5, 0.75, 0.5, 0.75, 1.5
1.5, 0.75, 1, 0.75
1, 1, 1.5, 0.5
0.75, 1, 0.75, 0.75, 0.75
0.75, 1, 0.5, 0.5, 0.75, 0.5
0.5, 0.75, 0.5, 0.5, 1, 0.75
0.5, 0.5, 1.5, 0.75, 0.75
0.5, 0.5, 0.5, 0.5, 0.5, 0.5, 0.5, 0.5
0.75, 0.75, 0.5, 0.75, 0.5, 0.75
0.5, 1, 2, 0.5
0.5, 0.5, 0.5, 0.75, 0.5, 0.5, 0.75
0.75, 0.75, 0.5, 0.5, 1.5
0.5, 0.5, 0.75, 0.5, 0.5, 0.75, 0.5
0.5, 0.5, 0.5, 1, 0.5, 0.5, 0.5
1, 2, 1
0.75, 0.5, 0.5, 0.75, 1, 0.5
0.5, 1.5, 1, 0.5, 0.5
0.5, 0.5, 0.75, 0.75, 0.5, 0.5, 0.5
1, 0.5, 1, 0.75, 0.75
0.75, 0.5, 2, 0.75
1, 0.75, 0.75, 0.75, 0.75
1, 0.5, 2, 0.5
0.75, 0.5, 1, 0.5, 0.75, 0.5
1, 0.75, 1, 0.5, 0.75
0.5, 0.5, 0.75, 0.5, 0.75, 0.5, 0.5
0.75, 0.75, 0.5, 0.75, 0.75, 0.5
0.5, 0.5, 1, 0.75, 0.75, 0.5
1.5, 0.5, 0.5, 1.5
0.5, 0.5, 0.5, 0.75, 0.5, 0.75, 0.5
1, 0.5, 0.75, 0.75, 1
2, 1, 1
1, 0.5, 1, 1.5
1, 0.5, 1, 0.5, 1
0.5, 0.75, 0.75, 0.5, 1.5
0.5, 0.5, 0.75, 0.5, 1, 0.75
0.75, 0.75, 0.75, 0.5, 0.5, 0.75
0.75, 0.5, 1, 1, 0.75
0.5, 1.5, 0.5, 0.5, 1
1, 0.5, 0.5, 0.5, 0.5, 1
0.5, 0.5, 0.75, 1, 0.5, 0.75
0.75, 1, 0.75, 1.5
1.5, 1.5, 1
0.5, 2, 0.5, 1
2, 1, 0.5, 0.5
0.5, 0.75, 0.5, 0.75, 1, 0.5
0.5, 0.75, 0.75, 0.5, 0.5, 0.5, 0.5
0.5, 0.5, 2, 0.5, 0.5
1, 0.75, 0.75, 0.5, 0.5, 0.5
1, 0.75, 1, 0.75, 0.5
0.5, 0.5, 0.5, 0.5, 1, 1
0.75, 0.5, 1, 0.75, 1
0.75, 2, 0.5, 0.75
0.75, 1, 0.5, 0.75, 0.5, 0.5
0.5, 0.5, 0.5, 0.5, 1.5, 0.5
1.5, 1, 0.5, 0.5, 0.5
0.5, 0.75, 0.75, 0.5, 1, 0.5
0.5, 0.5, 0.5, 0.5, 0.5, 0.75, 0.75
1, 0.5, 0.5, 1, 1
1.5, 1, 0.75, 0.75
2, 0.5, 1.5
1, 0.5, 0.5, 0.5, 1.5
0.5, 0.5, 0.75, 1, 0.75, 0.5
1.5, 0.5, 1, 0.5, 0.5
0.5, 0.5, 1.5, 0.5, 0.5, 0.5
1.5, 0.5, 0.5, 0.75, 0.75
0.5, 0.75, 1.5, 0.75, 0.5
1, 1, 0.75, 0.5, 0.75
0.75, 0.75, 0.75, 0.75, 0.5, 0.5
0.75, 2, 0.75, 0.5
1, 0.5, 0.5, 0.75, 0.75, 0.5
1, 1, 0.5, 0.5, 0.5, 0.5
0.5, 1.5, 2
0.5, 0.75, 0.75, 0.5, 0.75, 0.75
0.75, 0.5, 0.75, 0.5, 0.75, 0.75
1, 0.5, 1, 0.5, 0.5, 0.5
0.5, 1, 1, 0.5, 1
1.5, 0.5, 0.5, 0.5, 1
0.5, 0.75, 0.5, 0.75, 0.75, 0.75
0.75, 1, 1.5, 0.75
1.5, 0.75, 0.75, 1
0.5, 0.5, 0.5, 0.5, 0.75, 0.75, 0.5
1, 0.5, 1.5, 0.5, 0.5
0.5, 0.5, 3
0.5, 0.75, 1, 0.5, 0.5, 0.75
1.5, 0.5, 1, 1
0.5, 0.5, 0.75, 0.75, 0.5, 1
0.5, 0.75, 0.75, 1, 1
1.5, 0.5, 1.5, 0.5
1.5, 0.5, 0.75, 0.75, 0.5
0.5, 1, 0.5, 0.5, 1, 0.5
0.75, 1, 0.75, 0.5, 1
0.5, 0.5, 1, 0.5, 0.5, 0.5, 0.5
1, 0.5, 0.75, 1, 0.75
0.5, 0.75, 0.75, 1.5, 0.5
1, 1, 0.5, 1.5
0.5, 0.75, 0.5, 0.75, 0.5, 1
0.5, 0.5, 1.5, 0.5, 1
0.5, 0.75, 0.5, 0.5, 0.5, 0.75, 0.5
0.5, 0.75, 1, 0.75, 1
1.5, 0.75, 0.5, 0.5, 0.75
0.5, 0.5, 0.5, 1, 1, 0.5
0.5, 0.5, 0.5, 0.5, 0.5, 1, 0.5
0.75, 0.75, 1, 0.75, 0.75
0.75, 0.5, 0.5, 0.75, 1.5
0.5, 0.75, 0.75, 2
2, 0.5, 0.5, 0.5, 0.5
1, 0.5, 0.5, 0.5, 1, 0.5
0.75, 0.75, 0.5, 0.5, 0.75, 0.75
0.5, 0.5, 1, 0.5, 0.75, 0.75
0.5, 2, 1, 0.5
0.5, 0.5, 1, 2
2, 0.5, 1, 0.5
0.5, 0.5, 2, 1
0.75, 1.5, 0.5, 0.5, 0.75
1, 0.75, 0.75, 0.5, 1
1.5, 0.5, 2
0.5, 0.5, 0.5, 2, 0.5
0.75, 0.75, 0.75, 1, 0.75
0.5, 0.5, 0.5, 1, 1.5
0.5, 0.5, 1.5, 1.5
0.5, 0.75, 1, 0.75, 0.5, 0.5
0.75, 0.75, 1, 0.5, 0.5, 0.5
0.75, 1.5, 1, 0.75
0.75, 0.5, 0.5, 0.75, 0.75, 0.75
0.5, 0.75, 0.5, 1, 0.5, 0.75
1.5, 0.75, 0.5, 0.75, 0.5
0.5, 0.75, 1.5, 0.5, 0.75
1, 1.5, 1, 0.5
0.75, 0.75, 0.5, 0.5, 0.5, 0.5, 0.5
0.5, 1, 1.5, 0.5, 0.5
0.5, 1.5, 0.5, 1, 0.5
0.5, 0.5, 0.5, 1, 0.75, 0.75
0.5, 1, 0.5, 0.75, 0.5, 0.75
1, 1, 0.5, 0.5, 1
0.5, 1, 0.75, 0.75, 1
0.75, 0.75, 0.75, 0.5, 0.75, 0.5
0.5, 0.5, 0.5, 0.5, 0.75, 0.5, 0.75
0.5, 1, 0.5, 0.5, 0.75, 0.75
0.75, 0.5, 0.5, 0.5, 0.5, 0.5, 0.75
1, 0.75, 0.5, 0.75, 0.5, 0.5
0.75, 0.5, 0.5, 1, 0.75, 0.5
0.75, 1.5, 0.75, 0.5, 0.5
0.75, 0.75, 0.5, 0.5, 1, 0.5
1.5, 1, 0.5, 1
0.75, 0.5, 0.75, 1, 0.5, 0.5
4
1, 0.5, 0.5, 0.5, 0.75, 0.75
0.75, 0.5, 0.75, 0.5, 1.5
0.5, 1.5, 0.5, 0.75, 0.75
0.5, 0.5, 1, 0.5, 1, 0.5
0.5, 1, 0.5, 0.75, 0.75, 0.5
0.75, 0.75, 0.5, 1, 0.5, 0.5
0.75, 0.75, 2, 0.5
0.5, 2, 0.75, 0.75
1, 0.5, 0.5, 2
0.5, 0.75, 2, 0.75
0.5, 0.75, 0.5, 0.5, 0.5, 0.5, 0.75
1, 1, 1, 1
1, 0.5, 1.5, 1
0.75, 0.5, 0.5, 0.5, 0.5, 0.75, 0.5
0.5, 1.5, 0.75, 0.5, 0.75
0.5, 1, 0.75, 0.5, 0.75, 0.5
0.75, 0.75, 1, 1.5
1, 1.5, 0.75, 0.75
0.5, 1, 1, 1.5
1.5, 0.75, 0.75, 0.5, 0.5
0.5, 0.75, 0.5, 0.5, 0.75, 1
0.75, 0.5, 0.75, 0.5, 0.5, 1
0.5, 0.5, 0.75, 1.5, 0.75
1, 1, 0.75, 0.75, 0.5
2, 0.5, 0.5, 1
1, 0.75, 0.5, 1, 0.75
1, 0.75, 1.5, 0.75
0.75, 0.5, 0.5, 0.5, 0.75, 0.5, 0.5
0.5, 1, 1, 0.5, 0.5, 0.5
1, 1, 1, 0.5, 0.5
0.5, 0.75, 0.5, 1.5, 0.75
0.75, 0.5, 0.75, 2
0.5, 1, 0.5, 1.5, 0.5
0.5, 0.75, 0.75, 0.75, 0.5, 0.75
0.5, 1.5, 0.75, 0.75, 0.5
0.75, 0.5, 0.75, 0.75, 0.5, 0.75
1, 0.75, 0.5, 0.75, 1
0.5, 0.5, 0.5, 0.75, 0.75, 1
1, 0.5, 0.5, 1, 0.5, 0.5
1, 0.5, 0.75, 0.75, 0.5, 0.5
2, 0.75, 0.5, 0.75
0.5, 0.75, 1, 0.5, 0.75, 0.5
0.5, 0.75, 0.5, 0.5, 0.75, 0.5, 0.5
0.75, 1, 0.5, 0.5, 0.5, 0.75
0.5, 1.5, 0.5, 1.5
0.5, 1, 0.5, 0.5, 1.5
