5.5742050014740023 3.0361046111566585
-1.1743407751097674 1.5446049996213427
-7.8835284716140599 -0.1181701547418562
5.0095039838468178 1.1710513527369988
-2.9949871734346676 -3.9570906039408329
0.3881849903166437 3.7023903267531408
-1.7112710485026685 -0.5600527037263952
2.6522064407593220 -3.5304862260843954
0.7088025200753894 3.0365675597176125
-5.5237337206718138 2.9008548621506840
0.9289545743317653 2.3946867580249389
-6.5284886062330276 3.8802548529937191
5.9999088150015965 3.8405792166275137
-6.7924549231240352 3.4924033268157784
1.0968860992020417 1.8254761965297757
-1.1842118833974258 1.5081084975094259
-2.7741531578076479 -3.7330008247237356
-1.8336281734730200 -1.0392647426971811
-5.7387346798934207 3.4216478659053733
5.1483307067090234 1.6890569510737130
4.9916920532167062 1.1027431834377470
-1.0233853477365074 2.0819131030506912
-4.4289318209809245 -1.1187060491952687
-2.0188048586374112 -1.7326858441607675
5.3992799365105792 2.5365450878236326
5.0600578395158351 1.3628282705060355
-6.1370892323689255 3.9573877480213229
2.9579881502772398 -3.9327679609393646
5.0439516715416346 1.3020840165617937
6.3791279853825049 3.9816041226626142
-0.2404903775383733 3.8848851761560277
-7.3640850055694198 1.8821387100079219
-5.8719130919951024 3.6664518556772174
3.2491426536099972 -3.9768882856530534
-7.8858701836701393 -0.1275325820045949
-6.5600888404500903 3.8476262226698723
5.3707656462206863 2.4473344932446768
-0.9145868539768092 2.4404718698462680
-0.3018080097472868 3.8192024982144006
3.5837865251214946 -3.6152601207448716
0.7865264080201939 2.8252341675258275
-1.8760494106446615 -1.2021382753936900
5.7156930107413402 3.3730062551054449
0.6209025990457295 3.2534147337001160
-6.8770813815095924 3.3150670164157954
-6.7205998488832410 3.6233995470776068
5.5061384421328192 2.8519492563595281
-0.3751215728257957 3.7218523449984904
-7.1116717290213423 2.7039676136310078
3.1655745222191900 -3.9988497950821191
-6.7278948300218815 3.6109426619846992
-1.9440995113629906 -1.4587724114748628
2.6786274742269196 -3.5789286980654125
-0.9130454901125038 2.4453539245034199
4.0370704882071671 -2.5005837363457268
-3.4722410549828613 -3.7833281388898592
1.9357557957655516 -1.4276457327446173
-5.7204412930089248 3.3831773625534378
-0.0176980542075302 3.9993735741056100
7.2863999213492701 2.1503780572211140
-0.0920631653050989 3.9830607165131457
0.6024886031219587 3.2957115585101846
1.6787362806306056 -0.4309218956016397
5.7211628852789023 3.3847163857159588
-1.0362682451258678 2.0377400245419603
-3.1939322397314314 -3.9945223860790389
4.0496928378028532 -2.4609782106364393
3.0255660266537170 -3.9731058351728699
-1.7891483387015796 -0.8664842403641715
1.8597368504377414 -1.1397473123000403
-6.5120941179584282 3.8956583276123458
0.8027826254616048 2.7788315251990534
-7.2901856599646973 2.1375940861622342
-5.1091525337688974 1.5457413731176695
1.1168776415288590 1.7539630167665858
5.5698703616674248 3.0247876790007155
-1.1179556576224066 1.7500865921668254
7.4644324960900938 1.5190854801604083
-1.5005855498373766 0.2806124261884300
6.1183548009497510 3.9457847236962835
3.3120150547098532 -3.9420528646903845
2.9117747648756911 -3.8948315845580912
-5.9072920840029095 3.7207203505689077
2.4827395779319126 -3.1627796415738136
-1.3867068765805115 0.7322057800172744
-1.7651212540825458 -0.7724168493981940
-5.0501718654327430 1.3255843149770250
0.6606223788294319 3.1584419502779517
2.3411494687638044 -2.7855548784088087
-7.3322282950174369 1.9936038179435518
2.2040679982331071 -2.3671408027814480
-6.1802136024698520 3.9788123873128720
-5.9428992449376121 3.7706369155633439
5.8617983270596827 3.6500900263631140
1.1059424997726754 1.7931685763825211
3.6014936848923966 -3.5843857204119303
-5.0500206878261285 1.3250137605466850
-2.8528154853714494 -3.8343713218203406
0.1210432706142015 3.9707328134213884
4.4960690937217063 -0.8585469608112150
-3.7358616521418124 -3.3142320409929877
0.0033862938328806 3.9999770660500702
-7.6871989103286769 0.6640423215214653
7.3688036203716205 1.8654633449443696
5.1140294133795212 1.5637150260382708
-5.3254895571170042 2.3016243358043753
-5.2522031943403427 2.0559065299113648
2.8302409948880101 -3.8076814596124469
5.6830605043711362 3.3010605580632175
2.7790994642521145 -3.7400625178516709
7.2709566865068265 2.2022067248639430
-6.6873570087130005 3.6777137879014687
-7.1921738258444208 2.4581760147578482
-5.5226741493215261 2.8979350738102299
7.5112511405942755 1.3442401245763786
7.7679512716090944 0.3436971199078622
3.3473952521447643 -3.9155891459621932
-5.1890717289864430 1.8353370201886290
4.1790267223821189 -2.0337258329916552
7.9463759212452469 -0.3690515450053437
-7.1685832606994602 2.5319258766290118
-3.7124645888672347 -3.3657205238611154
1.2812556307999010 1.1420482788330086
-7.3539070186260069 1.9179640735929016
7.4584464752954993 1.5412083332129027
0.5709810965118525 3.3654845557619715
-3.5424347809806651 -3.6829309103630119
-2.4422738832431801 -3.0611234798828337
-1.3090798668236570 1.0349557683278561
3.1885224531491119 -3.9955959961993925
-1.0587457965667237 1.9598632332416752
-6.1377657714609732 3.9577807962290632
1.3892467197892504 0.7222157157771354
6.5186040729187553 3.8896669975927654
-7.4202756295544781 1.6809462522314180
-0.2011413043231265 3.9193567896761681
3.9739017662885789 -2.6926799826687802
-2.8005887022014964 -3.7696775425824502
2.8043468859080694 -3.7746783580964909
-2.3579755004766234 -2.8334600939996757
-2.6510972957808914 -3.5283984886309812
-1.1195034472594045 1.7445173595511239
6.4931855694215805 3.9121234402286995
-3.1969208912095972 -3.9938791339228126
0.5267396139999665 3.4578028622275547
0.0930961059244559 3.9826787456563189
3.0981298476575923 -3.9962225636934789
3.2371630332677555 -3.9817465048955083
6.8672617061264685 3.3368869686047264
6.2245491400253492 3.9931255697804557
-3.8162093259133059 -3.1237857368178563
6.5358862920721705 3.8729626156247594
7.2284666011188072 2.3420594718886898
-1.7220935667527613 -0.6028827189029746
7.6498989266292110 0.8106759557510692
-2.1981160292252788 -2.3479075606537361
0.3172386783568371 3.8004016700867238
-4.9868260072796478 1.0840202978039448
2.9505821584730398 -3.9272515711848501
2.4251029785868248 -3.0164629874804931
-3.0210090488744523 -3.9709544087064668
2.4001924468205704 -2.9500947705079099
7.9692947860852161 -0.4602310657432201
1.9484742017127044 -1.4750519834301949
-6.5091222412597478 3.8983385731443216
3.8358594760971059 -3.0740920460303278
2.5491938373500318 -3.3184147271012838
1.1778141103913065 1.5317799975256225
-6.2585536991943584 3.9987866291256244
2.8414459830008454 -3.8211725389091211
3.0911187090607708 -3.9949058434826652
-0.2198768138724283 3.9036972991527654
2.7977580859243503 -3.7658758350432855
2.0805590222714780 -1.9518805076797159
4.2817101331399883 -1.6699510208899362
-7.2326573105602527 2.3284499559985670
-3.3309491937897544 -3.9285022196836774
-3.0682446504930994 -3.9892449639587975
-3.2753828790382862 -3.9642537199160852
-1.7317660491392992 -0.6411018716462272
-2.0002929779106573 -1.6656528909736288
4.8712987650625710 0.6329672873453462
5.4279121919557731 2.6240496018496704
-3.3240089387023151 -3.9336329386575151
1.5731356803321788 -0.0093574056142725
6.1027716650639796 3.9350782178039871
3.3923235300443135 -3.8749253648446893
4.4497622293007719 -1.0384725119645193
3.0461562030088238 -3.9817975899004576
4.2022229125727666 -1.9532886996855663
-0.8191511646877281 2.7313663353372277
-4.6075182117239066 -0.4187145933933461
5.7843241043953171 3.5125118447618973
-3.8362730296628698 -3.0730333802621517
7.8733921617302265 -0.0776372355967331
6.5038555195561152 3.9030038798727289
7.5510960714565041 1.1931026227259107
6.5491959663462236 3.8593092281423762
-7.0208903205026409 2.9600563776081263
-6.1742062530603139 3.9762706305037216
0.4881534222947508 3.5328016043130663
1.2727512679295749 1.1746080661691289
-7.2932194893558080 2.1273270980331986
-6.6899152210273733 3.6736776149697339
0.9337330014942378 2.3793495012284742
2.5485213776851268 -3.3169120982548970
4.1966158013664892 -1.9728303752862126
-4.8398724592113531 0.5085537930990809
4.4721266335305021 -0.9518297828248874
-3.2910464732993088 -3.9554102024520121
1.5762167082340852 -0.0216814195877728
-7.8223526489247455 0.1264948469836512
7.0327872164569687 2.9278406598222086
-1.0680363633121051 1.9273832214665290
-1.8503346055233738 -1.1036475175329954
6.5537081660687004 3.8545252069241682
-7.3831830378041765 1.8143925756339099
2.3254825575390896 -2.7402405028293901
-6.7522647965757852 3.5679391881354166
5.5674039002669105 3.0183228270139097
7.7432594207666963 0.4419844814677578
6.6188840054023306 3.7767214747836824
-0.2757829986574212 3.8488491269511051
1.6686571227220295 -0.3908186915156231
3.3940410650776194 -3.8732150857702998
-0.2268019705919695 3.8975619742299865
-4.0151734484253758 -2.5683420558811618
2.1130665114991967 -2.0643272889963442
5.5749204598444067 3.0379670596289672
5.1417649592315655 1.6652140297820712
-5.3976762983122573 2.5315819594996891
4.1277212239584014 -2.2076894254999169
7.4044344678267660 1.7382309463933669
-7.4750568213333466 1.4796870669255615
0.7859162892909897 2.8269612638285300
-6.5978876666934312 3.8035542028893943
-3.9681005219795775 -2.7097943730230085
-3.5025031074497424 -3.7423028255684501
-4.9743077905134694 1.0357375854762922
4.7916779194944397 0.3168235484699087
-5.5226995805017793 2.8980051908953377
2.3285640640920633 -2.7492068224636612
6.1737070062850918 3.9760529357318335
2.9342250573181001 -3.9143051042125334
6.3143208312724273 3.9980613149033348
1.0986754693015595 1.8191046187888817
-3.0648901641998609 -3.9882392239262430
-7.2009415951900113 2.4304149244681654
-0.4682497995523747 3.5694382561747777
0.2364338087637492 3.8887179579313025
-5.8526739831584660 3.6350098992144710
0.8819328151131014 2.5426410369866601
2.9180885869007351 -3.9005070739140368
4.0385848601105039 -2.4958529539758110
-0.4115488905835889 3.6660092828566699
6.5006139675138250 3.9058214599469263
0.6541383869122335 3.1742899729720326
7.8979777217754226 -0.1759275825116233
-0.1923808106393405 3.9262072605981921
7.5479304908459000 1.2051825551892297
4.2747543864150011 -1.6951926817018370
5.4167822344571750 2.5902864222911841
-2.2478052280506340 -2.5058576716143306
0.0980016591832324 3.9808067185174307
-7.5069397419897950 1.3604701812434059
7.7455275840091211 0.4329662552090038
-1.0923156077918055 1.8417241943468938
-5.5250088329322189 2.9043642836504895
3.0981691956773680 -3.9962293991477624
3.5319415585684748 -3.6991054157295009
-0.3214906639859478 3.7950618023004070
5.1304341421853028 1.6238989358013569
6.5213518597668241 3.8870886291326472
0.3135614564319269 3.8049643178393935
2.1457657139399284 -2.1752364014263019
-4.1958125440125933 -1.9756247902315562
7.9592032401216031 -0.4201102076749852
7.0955323518608733 2.7511864042440428
3.2774376392853917 -3.9631490023134024
2.6260087042481768 -3.4800198341202662
-0.4958559803516387 3.5182470789936322
4.8120768661972253 0.3980914274906052
-6.3752351520317969 3.9830656145257031
-2.8463941275736531 -3.8269776161687794
0.1778825693266093 3.9368822787122668
-5.3353854677975345 2.3338852996065311
0.2598219720833850 3.8657429213398991
-6.4610431731496352 3.9368997621468709
5.4982093408794661 2.8296210263486712
1.3686466970810596 0.8031026015744968
-0.8331595724671494 2.6901633908101319
5.5970879817822041 3.0948973312785326
5.0199546535455184 1.2109577747354834
1.5519514542724231 0.0753750285925238
-3.7937261315441582 -3.1791633435831548
4.7664476482841334 0.2161293684624759
-0.4974227994264364 3.5152608874476794
-3.9005558088733316 -2.9021997022279917
5.0420664162695044 1.2949514089229643
1.9269578405950867 -1.3947168794312890
-2.0263116566463406 -1.7597006246188094
-5.4352028316303347 2.6459901129783510
2.4968322688414784 -3.1969752012655448
-2.9303136393856857 -3.9110539666190336
5.1752293355764198 1.7859656804247661
-6.1490443071710033 3.9640663147309079
-6.1178484833984630 3.9454519012060101
7.0539844800570393 2.8694164320472209
-6.6861087355691229 3.6796744923867273
-6.1066201245157004 3.9378112871515798
-5.5327275230364279 2.9255069952013915
3.4392516866412812 -3.8241026953962569
-1.2651978918459630 1.2034557470255529
-0.3012766204857265 3.8198337743755362
-4.1583346590537680 -2.1045573279242813
4.8406330268967022 0.5115712283739959
7.0805095146645538 2.7944948358141835
7.3838089610258280 1.8121609134077463
3.5018932020918623 -3.7431636236676020
-0.4442570495221574 3.6117209005805431
7.7134945252140596 0.5601017638263456
1.7490154351065197 -0.7091086855761418
2.2655313732638227 -2.5607276740621407
-2.1391441146360872 -2.1529612551767285
-0.5103301876339934 3.4903330799342775
2.0726398691444228 -1.9241703344265704
-4.8608143226941021 0.5915238874621696
4.8272332418198243 0.4583679084986935
-2.6722842898212686 -3.5675252299538638
-3.0050752614827356 -3.9627838569714862
0.5439568456661750 3.4226704619919723
-4.2295667207541996 -1.8571226524496611
3.2849277923203672 -3.9589803770943224
3.8234900064982771 -3.1055131103340288
-0.6193834639447822 3.2569461243250601
6.3347118856906572 3.9946911981370579
6.5315648514982261 3.8772482262583909
4.5541453878721487 -0.6303359534711217
-3.4786607893252981 -3.7749134045604600
0.9427337308808870 2.3503127097525951
1.8464023944655334 -1.0885207273842090
-6.8670462261065133 3.3373621789718451
0.4496696077139397 3.6023630498450170
-5.0168856695193504 1.1992522226361018
1.9792808776571196 -1.5888760833440074
-2.2469629896017143 -2.5032308520380457
-4.6009366302995343 -0.4448870270975429
-1.9872478982573885 -1.6180714475290998
-2.8614481569127239 -3.8440619832197034
-7.5814097083582510 1.0768371953015483
1.4341109001303440 0.5450408423175632
-3.9668935177749240 -2.7133437431839700
5.5584773002700967 2.9947720840889072
-5.1302577832164005 1.6232542237790555
-1.8846371519451992 -1.2348564963069932
7.8437622629688324 0.0408767725159397
-4.0287328101367148 -2.5265270128336699
0.5867473058901673 3.3309838098042954
-2.5694612983411176 -3.3629956647720887
-1.2254773747122840 1.3539872720630393
3.7120136404090349 -3.3666948903368370
2.8641215113096585 -3.8470049145989504
-4.3778711867495073 -1.3132549240242204
-5.5453600293793617 2.9597328008085055
1.9161836103057439 -1.3542444595245169
5.4029855195207279 2.5479885894696781
6.4299762928107995 3.9569821406462111
-0.1569627909829485 3.9508264476857482
-0.0250694589493801 3.9987431102853113
4.4775542252323088 -0.9307291174000738
2.9863811629434398 -3.9519154349258612
1.5808349589678450 -0.0401538542722031
5.4297823535457148 2.6296910284196620
0.9691083927221502 2.2641391218882903
7.9358453394157529 -0.3270891954796018
-3.6275394714071982 -3.5369325530141924
-6.7695367274038798 3.5361763921504270
6.6894834748356580 3.6743604817809143
-4.9543483023944930 0.9584213312771628
3.5068341971153920 -3.7361500604981761
0.1398731675694265 3.9609347473618084
-5.3738022469505964 2.4569308356558861
-2.2546949554913951 -2.5272788202055838
7.1481296008490460 2.5947300500178367
6.0237056112349752 3.8660944294937107
-7.2358829253016790 2.3179467648973704
-7.1010798312358006 2.7350364158140237
-4.6812170858425013 -0.1246673862664674
5.1987032809787834 1.8694827410570727
-6.7783581194350919 3.5195464216231760
1.9341394295167795 -1.4216042323996676
-6.3546630721255521 3.9897862079300492
-2.6407922293940054 -3.5087941480234965
-5.8738072302230240 3.6694741990449726
-0.9526675231410078 2.3180448712832962
4.3548276695913390 -1.3999633061275900
-4.3824711253637059 -1.2958612586928400
1.6175597219586475 -0.1869854128423205
-6.5432699559979159 3.8654728524292397
3.2477120055488378 -3.9774984945566985
7.2390813750196248 2.3075082143136902
-5.4106610668944235 2.5715805801867262
1.3432840616538844 0.9022183869826288
-4.2621447904249514 -1.7407416051299702
4.4336672394318839 -1.1005077812587334
0.2174653558109796 3.9057897935916901
5.2318295765677565 1.9855783950501367
-0.5372919918292123 3.4363912768371527
7.9750945016109167 -0.4832679901225289
-2.0487309855979383 -1.8397849791927627
-7.4552771586837654 1.5528990342767581
-4.7044682417229318 -0.0316826233600038
4.6034053413187550 -0.4350721046521844
-5.4783133825118639 2.7728141998442286
-5.9720729232546592 3.8079745536983687
-3.8927722221002128 -2.9235372816568632
1.5009365657760263 0.2792118044572356
-0.0925170675103786 3.9828933915321745
-1.0046095036004061 2.1456712641476434
-3.4630059944401310 -3.7951595215844458
1.3780747127272370 0.7661233150482717
2.5409435834641645 -3.2998757940824741
6.1460970060691853 3.9624724226103405
7.0672737515953905 2.8321291424901709
4.0046572235457205 -2.6004477861594562
0.6606229337159881 3.1584405883452407
5.2570443664039956 2.0724934836292794
-4.0786295622679187 -2.3687132031509708
0.1490140774260738 3.9556717271050461
2.2931380381778030 -2.6445734979682114
3.1550035227742068 -3.9996403025664939
6.2049302864425808 3.9877585524361274
-5.3563087419773350 2.4013394785946227
-7.4470445926721460 1.5831934374297805
7.1725615307777009 2.5195864924391231
-0.0182161125219871 3.9993363648404698
-2.3909883456439154 -2.9251072623118577
4.0263066224223856 -2.5340433575468828
-3.6276398290090999 -3.5367450488267620
-5.5218744793635626 2.8957293234979051
-3.3169602702756205 -3.9386498692435499
-0.3682374158082578 3.7318530987526430
-0.3601445488232713 3.7433835722989590
-5.4649546972332086 2.7340552833708802
5.9549720108482909 3.7864792082327274
-6.2155149808327455 3.9908449482877608
-0.1939296989935499 3.9250179844426656
0.6971123666575547 3.0667970415390942
-5.1685293621015997 1.7619455531341115
7.0371019705082549 2.9160540561051902
-0.6610137547838413 3.1574811021004008
-1.6069498767486614 -0.1445826981724066
7.5207839939664716 1.3082658777357961
-7.1127484585279266 2.7007922399598217
7.4804165303267265 1.4597478819502820
6.8027514280238961 3.4721387356864279
-3.9735092392373641 -2.6938408510079990
5.7804112804183205 3.5049969909068337
4.3851663395848686 -1.2856571303112709
3.9967475702002808 -2.6244064251848878
-4.0469224790100533 -2.4697046533338631
5.6103822179682297 3.1283116387085732
2.5380586882480394 -3.2933401534619833
-2.0079512859900142 -1.6934547572309560
7.1998711621708207 2.4338142557102844
-1.3859346489866908 0.7352422794886659
4.9022296937114795 0.7548098895743390
-3.2769471096357066 -3.9634142504324781
-7.7226221271133877 0.5239282304137484
-5.4481774948371129 2.6846875655085451
0.1102723038594267 3.9757046722057874
-5.8493223658588267 3.6293944972131897
-4.1244941784546647 -2.2184419865386347
-4.0891671646305490 -2.3346172273462602
6.3745668064198604 3.9833104619852717
-7.9605789196723507 -0.4255820928086814
2.4528769287799275 -3.0882514706038706
-3.5230855829963748 -3.7124393711380219
5.5408316007108276 2.9475177553716763
-5.8065581138302331 3.5541894662245159
-4.6312458397933263 -0.3242165039917621
-1.4628704626468032 0.4308658648086071
-5.4844441228631187 2.7904367048001135
-3.2912842924741703 -3.9552684473405182
7.1007443322035790 2.7360155269243918
0.7597961980409558 2.8999055969078249
-6.8181200164198081 3.4412076613998002
-2.0802850691105661 -1.9509239430615704
0.0437568211779436 3.9961712921485799
5.3628336594377668 2.4221613907178634
-7.1733067719129053 2.5172705404730951
1.5060032621133850 0.2589909564959757
0.7882072469803116 2.8204706875120635
-1.8478176568754012 -1.0939670395755610
-4.8323615066553813 0.4787397243521058
-3.2432792003456772 -3.9793375060736165
0.7048642195489379 3.0467981402672324
-5.4095933810524262 2.5683079212591746
0.6313895775016842 3.2288322646174175
1.8448177790006586 -1.0824201121659831
-7.6699725173470981 0.7318898727856104
-3.9838182387719581 -2.6632156298722873
-6.4915856181972416 3.9134525367772470
6.3133357204834333 3.9981820428789114
0.3320371670801823 3.7815210045370979
-0.8320054084622193 2.6935782007440090
1.4833515970131472 0.3493333207337326
-3.4024812570397600 -3.8646446158429315
-2.4457920045537040 -3.0701629267433317
-4.8134777878933352 0.4036669010508771
-1.2721696119792938 1.1768319158581688
1.0918504213652085 1.8433757705507483
-3.4566501044747682 -3.8031143124580402
-7.4664014258100693 1.5117968673597830
2.1042300438598485 -2.0339719620974979
0.9619819509573020 2.2875810527694065
-4.5658765480236472 -0.5839552985350696
0.4802613482894884 3.5474968291633342
-1.5191231573298918 0.2066007078864532
-0.0363186915604228 3.9973621952549170
-7.4834673411772297 1.4483794934369612
-7.1767581589107259 2.5065266121574417
-4.7116514430917835 -0.0029501489041642
4.9677640885591003 1.0104334771676666
-1.5258393472353191 0.1797673484258759
-2.4289781694126109 -3.0266203078051563
-2.6480064385693467 -3.5225576911622660
0.9404302304668626 2.3577621374355773
-6.6619983438170731 3.7164170011653983
-5.1821363820998254 1.8106442492504744
-7.4386887351030762 1.6138317984979673
5.6882453005666296 3.3127284966715234
3.7526900091687523 -3.2760755406507109
3.1015287649612002 -3.9967901990320573
-2.8220925526483303 -3.7975702039874788
5.7520728751296399 3.4489766611026900
-7.9394195261017799 -0.3413359433724482
3.7151869193134068 -3.3598238408627417
2.9809261348605709 -3.9484835021135862
-6.3773560926708797 3.9822768297544404
5.2349030987152965 1.9962414612625876
-7.2944944079502818 2.1230067109353641
4.0239399408865975 -2.5413609800276875
-6.2062640575443204 3.9881720764672219
3.4964091045953900 -3.7508410915449195
-6.4311761111052022 3.9562773298969649
-1.6624045316030855 -0.3659205130164465
7.3725361260332498 1.8522434034301696
3.8403112683601197 -3.0626682006888095
2.0152643162695529 -1.7199104841276733
0.2544892388705904 3.8711680264490544
3.5606790078990933 -3.6538444309659668
6.9301541633543344 3.1916581825489581
2.6775826921870394 -3.5770603334565356
2.9501706968479908 -3.9269387729674206
4.8866883057424317 0.6936724879837162
-6.8904157908572614 3.2849257526398739
-7.1380604631600839 2.6252508331632183
2.4973951422293243 -3.1983278580114276
-3.5141423896972697 -3.7256091683235328
-2.6151312942974201 -3.4583622624864736
-4.2031645248896563 -1.9500009917272523
7.2992122900963103 2.1069890057930563
-2.3770989835605700 -2.8869316687578332
-4.9554205045265807 0.9625846567134477
-0.1437167816044926 3.9587620259230349
6.3415024518744190 3.9932001487255162
4.4885932712603793 -0.8877290599171539
-3.7791928614330867 -3.2141063672413104
1.2182368083628372 1.3812040936765260
-5.5006628398884629 2.8365491153932600
1.6565894357438697 -0.3427516063433433
6.4419041397745129 3.9497223456031705
-5.6538785374402938 3.2337429083897211
7.0378505019535247 2.9140037623535893
3.3259794870304606 -3.9321954228295035
-4.2709337035439674 -1.7090227108383558
-1.7803387264996147 -0.8320493232032016
4.5163634490630766 -0.7790901120226364
-1.5275311070562800 0.1730068924964533
3.5047954215891259 -3.7390550915379102
-5.5755834462990936 3.0396915274493446
7.6610483585015299 0.7669542692109510
-5.6820779224131819 3.2988393300362802
2.6461080548490656 -3.5189536271242599
-4.8486870013354526 0.5435056318056749
7.1086486870976717 2.7128660723786298
-2.4746507344527320 -3.1428680927689379
1.0266233034632801 2.0708429719863113
-4.6570373858205354 -0.2212933381338016
4.2051538180988945 -1.9430495485415329
-1.4816284689112891 0.3561989758396546
-5.1377922761443031 1.6507526650393727
-6.4856822564826686 3.9182698234933264
7.0577742321271764 2.8588344380311179
-0.3339078980032841 3.7790751833414529
4.0780501361043804 -2.3705804279631693
-3.2440059251993087 -3.9790413718834010
-2.5059661744008146 -3.2187997005757301
1.7097538254890861 -0.5540429501351536
-6.5893983560408067 3.8139279223039084
1.5639105224590555 0.0275429996868127
1.6479024933379467 -0.3081191410164258
1.6195428139045429 -0.1949087360275937
-6.7910536858004953 3.4951325324888289
-6.4437680216083049 3.9485371150144326
-5.8852322690810759 3.6874247532405500
-2.3948295126734340 -2.9355656023618768
-3.3116840519358632 -3.9422771992242973
-6.6438481836926844 3.7426524150425480
-1.4178724995726597 0.6093139415737069
6.3439270945497110 3.9926231390698055
1.4214111601209645 0.5953206994241270
3.6213168212343145 -3.5484890506901432
5.5911781378115215 3.0798672974046792
7.5397058256399934 1.2365113249296353
3.5519109013431471 -3.6679756794076113
-0.6957441508656110 3.0703077831920136
-6.1284341288841890 3.9521996532332082
4.1910797814951479 -1.9920634383955451
5.3647741796271529 2.4283340036153063
-1.3226188339261906 0.9825507982156405
3.1861301720786166 -3.9960334746222719
-0.2015887348723471 3.9189988327915839
6.0405039190516270 3.8827884429359103
-1.7792797921655161 -0.8279057717912166
3.3322775818507306 -3.9274985999627212
1.0535841801664017 1.9778354297814416
-6.1602812215280967 3.9698271812407953
-3.6378143234899039 -3.5175508857760072
-5.2583929821249686 2.0771055134425302
-4.8550557971991992 0.5687333598958285
-4.2770494378864896 -1.6868731919536890
5.1932752493747234 1.8502604407019438
-3.8034398838833408 -3.1554332651602048
3.9674181543391533 -2.7118014589848385
-1.3469922322457890 0.8877617651250906
3.2382593113199380 -3.9813256631359151
-2.4318442125434707 -3.0341033064595835
1.7372670317030394 -0.6628115325901952
-2.9380938963626608 -3.9174619394521275
5.0249777847866195 1.2300920671621101
6.2308168472751433 3.9945163422103360
1.5251233930106274 0.1826282254209864
-3.8884187759150244 -2.9353944718146177
0.0871509488068511 3.9848190365432301
6.2031515203396470 3.9871960226747842
-2.3752611887154593 -2.8818385183541051
-6.4428947285614218 3.9490941446422942
-7.0539914581698024 2.8693969851284491
-1.2431620847290645 1.2872160659960457
4.9547805729589580 0.9600999564202023
6.7143107982757009 3.6339839587618012
-6.7700724380692208 3.5351743126199704
2.9350391873665291 -3.9149742743072804
-3.6725299376580391 -3.4493314529954660
5.3397062842439187 2.3478997930787826
-4.9477281288481958 0.9326911954387952
1.2821846212706198 1.1384865011471357
-4.3487724247440358 -1.4226265802199507
-3.0433680759165558 -3.9807193738948770
-1.8864465731285627 -1.2417386301805720
3.1378299705145896 -3.9999716844655584
1.9264005486437004 -1.3926273929858572
-4.6260134367238859 -0.3450727182093898
5.7987915778310750 3.5398297397986132
-5.9589905234933997 3.7916301272593764
4.7991387899039495 0.3465641763151731
1.9114064482601929 -1.3362488995723691
3.8104559400341884 -3.1381081700930720
-6.6396775743824641 3.7485069892223519
1.2931316692472059 1.0964420137713939
-1.5538118299092822 0.0679347212088678
-1.9151991951237051 -1.3505386841147937
4.4239932466833736 -1.1376583177421384
1.6640464598718392 -0.3724601908408242
-3.8875466651651660 -2.9377631000351165
-2.5853050072341208 -3.3968848770229196
5.6769186335830621 3.2871240083349536
-7.8043927360775758 0.1982743069054707
7.3348536105429982 1.9844929241982192
7.4830213146861286 1.4500423880686220
-1.3961355960986204 0.6950961603702025
-6.9643784659395216 3.1072876621485319
7.1050253557437006 2.7234988371517703
7.6853616664687312 0.6712881975662380
7.9192195050953362 -0.2607664231596410
-7.2395012734635955 2.3061360666846462
0.2478030706725818 3.8778144482440284
5.8110439269863665 3.5623857722749075
0.5342892595786584 3.4425231063850044
3.6846384081058225 -3.4245550938022462
6.5823576775860406 3.8223229727098147
5.3476866986878271 2.3736686905726132
2.9435135148009817 -3.9217855429554183
-4.3086219064613971 -1.5715411034800058
0.8317320399701682 2.6943864871183996
-6.2899354795242157 3.9999088706926607
-4.7558802590893539 0.1739102777542298
5.8737931839323707 3.6694518348042129
-2.0822094001702851 -1.9576400444377753
2.9652254865348731 -3.9379503350832139
7.2961263721836715 2.1174713488108745
5.3050425379453650 2.2342560419060562
-3.6197931619088966 -3.5512978159827555
-1.9979998288067922 -1.6573090192190827
-1.3240264409629052 0.9770919051818093
0.7348830601561289 2.9676366667487644
-5.6593567929770376 3.2465919840780519
-2.6820787856895514 -3.5850728362516273
2.7318010634130960 -3.6688155079928109
-2.5452791598563511 -3.3096462397067210
-2.1558695892276134 -2.2090418424953491
3.5187923324825139 -3.7187987577623440
2.2741633612271706 -2.5871571225304573
-4.0892002413186859 -2.3345097926887242
3.0486004307113728 -3.9827173527398623
-0.4847748639801761 3.5391195479267146
-2.5176809177474802 -3.2463975182040699
5.6491635576248367 3.2226063493286357
-5.7160833985961030 3.3738453617950728
3.0314747482994679 -3.9757725904219057
-7.3831233094294433 1.8146054936201135
0.5632274428925470 3.3821453128223276
-6.9024060325077983 3.2573239819166422
5.8564814355917232 3.6413394767008365
-4.6616138114216810 -0.2030134175235411
2.1433487881541442 -2.1671168329665349
2.0376241728233051 -1.8002232785595176
-7.4944237241443474 1.4074417923116793
-3.2698626146970824 -3.9671387272892980
0.3337200204510751 3.7793214147815717
-0.8978182530640524 2.4932700342500107
4.8345874312677175 0.4875782290292896
0.9705619979033475 2.2593434314831833
2.8402929541035604 -3.8198063795477122
3.1435766113173020 -3.9999921278260531
-7.4080238517234740 1.7252887488161945
-6.8493202585309625 3.3759215427459957
-7.3280940377385484 2.0079234616472861
-7.6920401366203404 0.6449384172033428
-7.1427418827514337 2.6110937996611621
5.6062712708695077 3.1180377825411534
-1.1157399597895203 1.7580517815675702
7.4708930288847384 1.4951478959188991
7.7371282398598016 0.4663505692200159
7.7925524934728081 0.2455620543109453
-0.9504740550878505 2.3251896814377639
0.6363242130783551 3.2171419896720517
7.0747985852126209 2.8107936115292680
-6.0234847233520714 3.8658676355591171
5.2656876345359880 2.1019862547041637
4.4636404074837035 -0.9847649703359950
3.9240655546245637 -2.8366889027166811
7.2565116528000342 2.2502102153746026
3.5446905470068941 -3.6794007989266140
5.8004232481978644 3.5428643186202118
6.4700274771895714 3.9303828887734835
-1.1250102900154655 1.7246689297133664
-0.4162288326582555 3.6584807069562397
-5.8298225036051203 3.5959172405273971
-2.7250154740370878 -3.6579171186825952
-2.7378613474271276 -3.6784061860742696
0.2477419440749618 3.8778744122386897
-6.5860106188108336 3.8179909625182877
1.9077156077417765 -1.3223246077642299
-7.2992362858836124 2.1069074174018128
-7.9139505732458222 -0.2397320064576151
4.3321445896859192 -1.4845896613319471
5.7601725163309041 3.4652729898215711
6.9535209580003361 3.1344527491011553
5.7627765091624816 3.4704639342202506
3.8060300580012090 -3.1490552612843112
-7.4144407642781509 1.7020960851222466
-3.3389340303799635 -3.9223652016951163
7.9549657796266935 -0.4032503886619565
-2.1514949168995869 -2.1944325901958939
5.1096278190626911 1.5474946523371380
2.9338967029331915 -3.9140344807481386
-2.6433507090384705 -3.5136962477553557
5.2007583560480430 1.8767460387784871
-7.1848236485624550 2.4813031108061505
7.3133544052703137 2.0586954799519388
0.2893857997685654 3.8336773067184686
7.2898272247786107 2.1388057932999471
3.6627879242398915 -3.4688986146372343
7.8092209399742298 0.1789829960342171
-7.1497089567637655 2.5899188829673347
-5.8158805392479369 3.5711427282404289
0.6116556871226440 3.2747936222076865
1.1268499073964904 1.7180266739119361
1.6099982294330530 -0.1567674502656876
-5.6018720345150808 3.1069850870571152
1.1095028688957154 1.7804269658136385
-4.4692582230221998 -0.9629699201540096
-5.3983745742294786 2.5337438670046750
-4.4569799952357787 -1.0105645897761137
-5.8310807660865098 3.5981188244258520
-0.6486173230138021 3.1876792584934117
2.2186939170156155 -2.4140455004239021
5.4411190113254495 2.6636909962104922
2.2238977296666054 -2.4306098712243447
0.1908206037287528 3.9273957047404200
-6.7734609393979603 3.5288124217495733
-7.6137664311938913 0.9516466222173343
-7.1241235315223186 2.6670555594798753
4.5294091381326655 -0.7278418929998681
-1.3373053257882983 0.9255007912258241
-5.5583261731132918 2.9943713109313763
7.5470644717943678 1.2084852061075284
-1.4502711684986558 0.4809342897954549
5.3711478972430786 2.4485437359864153
7.2195200042105210 2.3709760070938581
-1.3226686022735556 0.9823578228781003
-6.2059607913606740 3.9880786746070869
-7.8485452508219211 0.0217454254982123
-0.6654213830675442 3.1466267880079832
-2.5192298045585684 -3.2500131504423488
-3.0637099049596408 -3.9878746858568688
0.8356765270916213 2.6827040877188253
-5.1857138154595539 1.8233923768558404
7.2059087361550702 2.4146045924582031
-5.4277224210651998 2.6234766362000794
5.7820376151845139 3.5081270047352757
0.8196223343831672 2.7299891490750943
-5.0882799082087438 1.4684055949695751
-2.2847222876421469 -2.6192241560040581
5.7522235787089091 3.4492819430726218
-0.2840932232713609 3.8396648204734927
1.0863676316605009 1.8628114571622660
-1.8949660653110918 -1.2740875119757504
4.5317632831995258 -0.7185805062804397
-7.6565802548044619 0.7844873657909548
-3.0375726583325342 -3.9783791867786773
2.5734924575031624 -3.3716986012255110
2.3446395260846042 -2.7955566583821909
-2.4855951714470610 -3.1697596328218243
-2.5242988740008130 -3.2617915347365241
-0.2959867131679861 3.8260591990254738
2.3269923543876132 -2.7446368446557217
-2.8127327548617913 -3.7856446818789324
5.3006177483205370 2.2195534487316495
-7.1992661918971415 2.4357342023947250
7.0146869819485556 2.9766885648883346
4.9815422745956219 1.0636612431109704
-1.2728569526979427 1.1742039580929786
0.7857225662785137 2.8275094260262170
-0.2112399704436516 3.9110867152066549
-5.7828351654665688 3.5096585648759340
-3.8413347837354586 -3.0600331446960509
6.3307821590534861 3.9954699347038645
-0.4702415803900468 3.5658354149379123
1.1565100466306557 1.6101467643177931
7.2973637104473319 2.1132707353521072
5.8057151289604825 3.5526412086718944
-4.1336576764903139 -2.1878491164932035
-7.8119873500550590 0.1679277681945124
-5.5666923809474014 3.0164544465955192
4.8519522081387869 0.5564424099322942
-4.0185526069544295 -2.5579651139558819
7.6895915175631053 0.6546028004554075
4.1321891028025330 -2.1927644639028983
-5.5133642996257866 2.8721410442368356
-1.4044894826784020 0.6621651415567278
-4.6101301058677642 -0.4083229983520731
-0.5787344836965342 3.3486220525848385
6.2535757092090378 3.9982466715210516
-0.7794504887236222 2.8451995625178417
4.6785989534792556 -0.1351343888892876
-1.0905085696473584 1.8481375821927932
0.5941260452153259 3.3145521672657683
1.0624847335303240 1.9468120162020202
7.7968590852348179 0.2283659551950097
5.7273857565009312 3.3979154031148870
-6.1980075415475486 3.9854982674754487
2.0480038743138280 -1.8372019486406836
0.4030487519539054 3.6794779013352019
-4.1396964978081687 -2.1675875747278028
-7.6091114692198794 0.9697214589074438
0.6096446559823949 3.2794061244712149
-4.2229313041337520 -1.8805892356869429
-7.5161562789573928 1.3257445940392367
-3.2921050570650898 -3.9547775020657263
2.7396656191573800 -3.6812354470050095
0.9862404748271789 2.2073161451779093
-5.1493333069928440 1.6926914210324624
7.2478886595224186 2.2786428405591597
-7.3407816650980813 1.9638699918458644
-1.9110823172724665 -1.3350267894244716
2.9839412368240090 -3.9503949296256242
-2.8310439166137709 -3.8086641182431422
-2.8423251811128942 -3.8222108379045072
-6.2122163035946958 3.9899310282396296
-7.6342404081188473 0.8719083149979183
-3.4034592309906753 -3.8636337366408475
-0.0058758974394664 3.9999309478572380
-0.1421978070843650 3.9596276642667334
-6.3508518641313358 3.9908459677856620
7.8100717644698108 0.1755830423971384
-5.0681277787643975 1.3931320080721312
6.0340342481282807 3.8764884155574837
7.2874543040093887 2.1468206259811558
-1.7068907750736848 -0.5426988817598201
0.1381279458694227 3.9619019727033309
-7.1194398678118045 2.6809886131706731
-7.4308308817347157 1.6425413654287784
-5.9896993560517693 3.8289649593416133
-3.7900875512143042 -3.1879750560187854
-0.6148592476491039 3.2674185883131801
7.2336080655561492 2.3253566371011996
-4.0593191979903782 -2.4305094176913666
-7.2044955766751162 2.4191087374824214
-0.4159549029930432 3.6589235842487060
-2.7918242353490648 -3.7578083861393545
-4.0921150172535494 -2.3250324456793692
-6.6289004588081504 3.7633334002797794
-5.6758278686218411 3.2846359667684415
-0.6729250080300790 3.1280077056565254
3.8320360652346643 -3.0838547647541117
-7.5489348564616794 1.2013511738749629
-5.6805667439903296 3.2954169399770361
2.8271969507003369 -3.8039337059899712
-4.8609347126851929 0.5920001484667614
-5.0607423978938915 1.3654023546204157
-5.7516027667825309 3.4480238539707155
-6.1450342481419575 3.9618892419166820
4.0491568114882668 -2.4626681330375626
-1.9016113850083300 -1.2992560010309375
-4.4233374218063641 -1.1401730337784224
7.8937848238698134 -0.1591707229433920
0.0824957335281482 3.9863966253912362
0.7066166998572232 3.0422515227996278
-0.3469249065925712 3.7616908501131947
3.4962279420049587 -3.7510927867568387
-1.1972117774200139 1.4598203000688068
0.2190004414048836 3.9044603802869133
-4.0171282935852748 -2.5623425569225891
6.2726938336763176 3.9997798599867247
0.1967127352937599 3.9228574399835341
5.7713721771486082 3.4874317790260965
-1.3047990684387454 1.0514863372536487
-6.6955239104431694 3.6647445067813194
-1.2959191977029469 1.0857147233945599
1.9397744533810037 -1.4426500911971227
-4.2925573877626721 -1.6304267054549526
-1.6405108885045294 -0.2786324209601423
6.7897854587196242 3.4975967564022459
4.8863524074086264 0.6923492132767773
-5.4996974195596415 2.8338250366040514
-2.1843881751273848 -2.3032312390055769
7.6426252268839221 0.8391452629616246
5.9810475894503963 3.8188102718256802
-3.0269059660675648 -3.9737227484989193
-2.1043696144532760 -2.0344526603275450
1.9376993628619150 -1.4349052730339285
0.8638974551086260 2.5979154518648593
-6.8859644594169129 3.2950528088859823
2.3991292116821246 -2.9472210023848242
1.7182919346613641 -0.5878455836657190
-6.0378266489040655 3.8802010709766424
4.7547899991723952 0.1695532593731583
-3.0602414552648511 -3.9867712631446017
1.3857483362088754 0.7359748200115563
5.2895994059059479 2.1827537306916596
-6.9574322207968660 3.1247093254523288
-0.8949492259002838 2.5022337199938764
-4.3678348300733063 -1.3511082618019472
6.9761637309212770 3.0773868779276574
7.5988529840836581 1.0094795852957981
1.3434202609197552 0.9016876206846607
-0.7721739221145718 2.8655825224527751
1.6212084016138721 -0.2015628993936482
-5.5975270835802000 3.0960097562135935
3.7212031018474381 -3.3467042804895213
1.4868989343268844 0.3351960186329230
-5.2304924119392240 1.9809334669048606
4.0037827627872424 -2.6031045871624858
-6.0146137223552429 3.8566036649756548
-1.7898247513418557 -0.8691254488947989
3.2941961941966333 -3.9535146359068980
4.1138856748418071 -2.2536262647602112
6.5505803159203957 3.8578498343130341
-1.6032767128188112 -0.1298987012934784
4.5686131146562090 -0.5731241346420700
-0.7668878829239123 2.8802945755989193
4.5567193209761196 -0.6201667833746383
-0.6184382483282569 3.2591395854983976
3.5815037607407749 -3.6191580904713057
-4.9913589793176314 1.1014624560761435
0.3616426560321742 3.7412675834806852
-7.0867385036602748 2.7766136381800877
7.2769301120968937 2.1822210656566212
5.9305080820745868 3.7538053313376718
-2.1930854809381035 -2.3315869190958232
-1.4771888161130597 0.3738834667311319
5.7438837158297709 3.4322701966972402
0.6501246879332925 3.1840333316746960
7.9108919209465611 -0.2275182878240566
-7.8186001020161573 0.1414966013681820
1.2644141643433713 1.2064450375835654