5.5487104854674438 2.9687313155895994
-6.1957517772619539 3.9847204932519711
-1.5757875245506696 -0.0199647081291998
-6.7429887671087148 3.5845589352440483
-0.8260251873213384 2.7112142403910044
-2.6603194142467590 -3.5456249942134863
-4.0420482364158339 -2.4850121339458369
3.7533844487472123 -3.2744809660079968
-1.5082693167381986 0.2499451005577793
4.3283207836580662 -1.4987815200726793
-2.6687310083725357 -3.5610745582472898
0.5912755085381818 3.3209214404791685
3.3576759798988416 -3.9069787843293562
-4.9587749794956810 0.9756028034139886
7.3566756181547426 1.9082384327950686
0.3005496137641703 3.8206956914753682
5.5201258489087053 2.8908995811307396
-0.3366323759808783 3.7754895068520358
4.3954380416863117 -1.2466833035807119
0.8073324033470488 2.7657123337744567
1.1428289659741466 1.6600893725203565
-7.1991803430637056 2.4360065818901222
-0.0265217110683960 3.9985932801442745
-3.0664080943262526 -3.9886998886300433
4.9876773375820935 1.0872977915816762
4.5773653032997448 -0.5384550904984452
1.6082124165079357 -0.1496294405164718
5.0745328279672126 1.4171193693627036
-4.6462326024890164 -0.2644325242248882
-4.8240902659084419 0.4458765770901443
-2.7411714213127656 -3.6835875068708410
4.5945318470861256 -0.4703379099944703
-5.7798194076405895 3.5038555822141788
4.8231797473425058 0.4422570162887215
-5.0893484709052323 1.4723805824533149
3.8205219186484793 -3.1129821742032311
0.4198620693109607 3.6525806972267274
-6.8753771063784637 3.3188770100810392
2.0503723139822050 -1.8456121473191480
3.9250663046754575 -2.8338652263220960
-6.1011529337097183 3.9339112247205850
2.5265961972208864 -3.2671019656954146
-3.5501795049895861 -3.6707328044122565
2.7645515039987458 -3.7190322681043755
-0.1115822458778553 3.9751246303196197
0.0895018562091909 3.9839895275195829
-0.3650247536135627 3.7364597003743554
0.8019663287720764 2.7811792217791611
-7.4994303720539399 1.3886782902755466
1.6744770765891666 -0.4139803739486240
-2.4895128084797467 -3.1792935345539974
-6.4098429911933330 3.9679585310951073
-3.3845048639222526 -3.8825664673801907
6.9129491601433486 3.2326664422774574
4.8243547475200934 0.4469278948215413
0.8440115010591125 2.6578813069711269
1.6730018308735204 -0.4081106312213899
6.1627005026341966 3.9710019286451943
0.5764585241208540 3.3535928557531012
-0.8682036788926570 2.5847939454044271
6.5175864223288524 3.8906144522337951
-3.1738971491017374 -3.9979130206431432
1.0595423886562969 1.9570849216966453
5.4057478063896145 2.5564962716449755
4.2486378350640130 -1.7892247952101101
1.7134298423547740 -0.5686015078797262
5.0252389134211288 1.2310859232464781
6.2067601681586098 3.9883240809721268
-3.6287716441379541 -3.5346279443451554
3.4207383940036404 -3.8451646682976510
6.9459718325955020 3.1531228039343269
7.5130274860168083 1.3375458705599808
-5.1129680942860265 1.5598067048170492
-6.9276809593202682 3.1976115137735133
-0.0136171870529811 3.9996291501640702
3.6980071392019109 -3.3966169462980851
4.8135612028248413 0.4039988559979195
3.7990598507683107 -3.1661703999811044
-0.5516141540614186 3.4067188563568478
-7.1587891129326540 2.5621331766453910
4.3008660310875442 -1.6000223747797122
-3.4128082257151995 -3.8537838124198651
4.2763637198014823 -1.6893598313100573
-3.3381836328850589 -3.9229525980532221
2.5616502336931770 -3.3459768152138962
-4.1645398206217550 -2.0834095091779479
6.3177607212840048 3.9976093196566667
0.4710057753563568 3.5644493418358372
1.5748451435385959 -0.0161952227268890
0.7778296233967623 2.8497529744806069
5.7147323873202804 3.3709392853137672
-7.0067714769642819 2.9977449379437049
-4.0231555492024800 -2.5437831284419228
5.1535609146422932 1.7079979271722987
4.5782142807968782 -0.5350898959479098
-4.1468245071362109 -2.1435699134279740
-3.5589009169099253 -3.6567328595541011
3.8607206363973212 -3.0095217519866306
-7.4955269189573350 1.4033103437792005
-3.4044891557752557 -3.8625651637005132
-1.6086764552031880 -0.1514842799977657
7.8733267941317475 -0.0773758142925034
-6.1934371337957188 3.9839013409706889
6.5629583888281076 3.8444724949404936
-3.5609073857992364 -3.6534726040223449
4.0167976563013195 -2.5633579847838073
-1.3562463702226033 0.8516308996191631
0.9770472897100770 2.2378893325452660
-7.3084271856678154 2.0755685386974996
1.5769290511750285 -0.0245307437517133
-6.3024369428519300 3.9992587719414709
-2.0242266627333567 -1.7522072197902814
3.9659450200900661 -2.7161301641529496
1.4523718592784327 0.4725914283976089
-5.4370129581633275 2.6514157734935502
6.7155446081841639 3.6319187883878166
1.8324878975883525 -1.0348596014723526
-4.9778492131809600 1.0494136304645207
-6.0790263965957969 3.9169274254951101
7.4509905447034974 1.5686862874843557
-5.3465740934267547 2.3700851002229970
-6.5307810846475469 3.8780177400674862
7.2205132434379422 2.3677750546515162
-7.8899784347866913 -0.1439561095549722
4.0386021097912561 -2.4957990342974643
5.7913295778645075 3.5258319423842885
-2.3659006507243223 -2.8557466300350147
4.1958470749458758 -1.9755046883694825
-5.8538170534770249 3.6369156994306584
-7.2075481477572652 2.4093732757111397
0.5042310244634738 3.5021850068799383
2.3133866442163846 -2.7047940612536632
3.2793482935276685 -3.9621067480396901
-2.4654429886364948 -3.1199520512184229
-0.3522352332785772 3.7544156408695759
5.0954112395017876 1.4949017452003184
1.5648578187471909 0.0237538925732696
6.3607057789808419 3.9879871705597845
2.2011788148492695 -2.3578151028367196
-4.7920826700025447 0.3184374380533075
1.8384102049916180 -1.0577240191768595
2.5105338238127093 -3.2296130058717245
6.8594548353217597 3.3540048510836171
1.8269077332692891 -1.0132828795000464
-5.8952874491613549 3.7028249028434819
-4.7897393122838334 0.3090928913824129
3.9227548175324696 -2.8403829284995386
0.9671532122050230 2.2705820476825136
-7.1108322700057833 2.7064410803884189
-5.5569809654785391 2.9908009506636035
-7.3107335594248113 2.0676767057263552
2.1809639870354651 -2.2920194977282047
1.3794799475494752 0.7606056838589287
7.4497752120168936 1.5731570275855795
-1.3516949361787187 0.8694103379327976
-6.9080251648831599 3.2442272317077578
-7.5077676006514693 1.3573556987838795
6.7706713934291916 3.5340527287600096
1.0258839144637744 2.0733727596402858
-3.5159311072713155 -3.7229988980900131
1.4074057762775389 0.6506581137222645
5.5955451226625001 3.0909839058878070
2.0799831271377602 -1.9498694800499530
-5.1302598974610270 1.6232619530806933
-0.5158366134482417 3.4795214259967278
7.4425189985225906 1.5998012582495156
5.6238660400862646 3.1616376689671406
5.0041922374870502 1.1507188772887891
1.4642133379331863 0.4255252300223792
3.4779463375936039 -3.7758575796210199
-3.4203978992227597 -3.8455397177070103
2.4358128273144342 -3.0444238657066278
-5.8724174771100905 3.6672579530737011
4.5507019604773333 -0.6439338047670079
-5.5648047815899009 3.0114903975907676
4.6494974990269373 -0.2514001201632255
6.7120634156042733 3.6377314455497194
-6.7875918007994773 3.5018458522875906
7.2180802311902656 2.3756118685595347
-7.1719991640789083 2.5213332075145143
0.5525912530575532 3.4046689860775130
3.8754777408943504 -2.9703117532865910
-0.3002999517685598 3.8209912173679301
5.4354092555015736 2.6466092847366971
6.7419382998673552 3.5864216288990165
-5.0805056082409639 1.4394354892412602
2.2627306094295392 -2.5521111931205231
-5.4788945211014219 2.7744891351769243
-2.5549789847197459 -3.3312797354314472
-4.0774214615230928 -2.3726054575908466
6.2802750678525499 3.9999830610260743
-6.0055290641180594 3.8468020342182445
0.7992806755123674 2.7888901634301133
-5.7993110661657834 3.5407969066352409
-2.2389585941434103 -2.4781779382534044
-5.0129528962954790 1.1842355563651203
5.5390774161658456 2.9427697381308637
6.7292538418839509 3.6086007640582740
2.2571998560926101 -2.5350372313255880
2.7658438830825283 -3.7209324280904794
6.1556773818012545 3.9675274892924657
4.7969553675147676 0.3378625097935877
4.9876815106164010 1.0873138551979769
-3.3030760239646266 -3.9479594776530456
-6.7899940726210186 3.4971917964031891
-5.9384146150419710 3.7646119160843958
-2.4717845462566643 -3.1357632564240303
7.4807819551828345 1.4583868952463939
-2.4096080745848152 -2.9753979211306771
-1.1760288781181885 1.5383741373300286
6.9176971127482521 3.2214447459334545
6.4495811386731514 3.9447525036102165
-6.3890011706723566 3.9776268937260841
-1.7273129376773575 -0.6235134008433082
-0.1740243018753347 3.9395837885520311
1.5741895818004554 -0.0135729939752187
-2.4364783625360644 -3.0461499292749559
3.4348910518030493 -3.8291819213812968
5.4552325555000589 2.7055402939931161
4.3320439992808328 -1.4849632763429439
-7.4408429641406286 1.6059435972826908
-1.1629791624755406 1.5864258235114987
-6.8965815778437438 3.2707907258513713
-2.8748442824730649 -3.8585324458689216
7.9233445680564589 -0.2772293097740452
0.1294302895155894 3.9665423469013814
-4.4349728127995753 -1.0954860905290982
4.4281834436080096 -1.1215797870252222
3.6518296288204652 -3.4905151889027004
6.6054814884654043 3.7940424578847964
0.4499254048487220 3.6019181846688957
0.1744032511951765 3.9393210495469302
-6.4838554804480957 3.9197328595468437
-4.1826136320598426 -2.0213579895841178
-2.2980051161080848 -2.6591484048310239
-1.5374168039756118 0.1334932985147516
2.2319387417759344 -2.4560758025770233
-3.3205529006890746 -3.9361172298521816
-5.3482508124255332 2.3754845222420302
-0.1805552784339142 3.9349765194231145
-5.8198777534339214 3.5783168664624365
-7.9277585431257211 -0.2948399960532999
3.1449827630559675 -3.9999770143376288
0.9085337274352767 2.4596108679377293
7.7399428766676959 0.4551669682022721
1.8430302944846808 -1.0755352094584507
5.6040563008505515 3.1124803939239225
4.0257419682306850 -2.5357905216514505
-5.2467653812890820 2.0372179103673749
6.9024049253068522 3.2573265523956803
-1.3601450357239671 0.8363873535626207
-4.5108553103905642 -0.8006887810365377
2.2570130406711719 -2.5344591575294801
7.3848902416513269 1.8083040510210708
7.1400662350742703 2.6191922251079323
0.7212563374923562 3.0039069054183511
7.3537983756063703 1.9183454196042171
7.9085133548499194 -0.2180187919437440
6.4750785801968895 3.9265796555714663
-4.1337355376938820 -2.1875883815767097
1.6128825405183616 -0.1682951625081450
7.4492679409543570 1.5750223951746285
7.0936264253130510 2.7567154786902455
-1.3677045327161075 0.8067941618054151
2.3661368175798607 -2.8564080162383805
7.6691988682389329 0.7349320070241149
-5.1780246792695372 1.7959636486924746
5.1869395684499544 1.8277549689810682
-4.5657503847219907 -0.5844545403591709
-0.7451991030862004 2.9398116061288921
-6.6295186771318662 3.7624946995815645
-4.9392403392329882 0.8996426897779098
-0.9114634074718442 2.4503589081699464
-2.2038252924319686 -2.3663581566597522
-3.2789934977980906 -3.9623013813752634
-0.5776997098588659 3.3508841994456513
-5.7193463285464095 3.3808386409839102
2.9709069589656902 -3.9418741111668387
-2.1059360998538423 -2.0398451073035049
-2.9329138711620590 -3.9132219275751496
6.1469796768310374 3.9629533796830625
4.0609812520910840 -2.4252259016186684
-4.0128248184948330 -2.5755371147545678
6.4565091323953450 3.9400679644539260
-3.6211382132929071 -3.5488187289935089
0.5358765937651206 3.4392855013331527
0.7112918680459686 3.0300766407238089
-0.1394740440260929 3.9611570111298033
-1.4584277467757776 0.4485290210079194
4.0228120686177231 -2.5448432805869770
1.5017779810485958 0.2758542544483589
-7.5116562779035760 1.3427137152848898
-4.4986519740776725 -0.8484533737754940
-4.8996605899615524 0.7447156176276742
-6.7502625849575928 3.5715525563985140
5.6539623669984671 3.2339402601304634
-0.3346652519375333 3.7780812462386244
-0.2232457508011443 3.9007359644587027
-1.0587418729075715 1.9598769148950239
-3.4415261685821452 -3.8214245387095023
-3.9380656078498326 -2.7969300732660662
-4.4833413044734964 -0.9082006973364258
4.2061872951045842 -1.9394351001354613
-3.5484683375894672 -3.6734469045062390
-2.3590253681393420 -2.8364227127079054
-4.9315586796231141 0.8696770382195841
-5.2295278783628003 1.9775807532650187
-7.2280924121978067 2.3432726703547431
-1.1494886103895841 1.6358166617837724
-7.5860912186212079 1.0587907535495351
-5.6110046355685732 3.1298625471089965
7.8181814845401298 0.1431700108398544
1.2806473006256542 1.1443801013717874
-1.3830757514432701 0.7464800064897141
-3.3868110964408942 -3.8803372685270432
2.1546187923930482 -2.2048691002338443
2.7291213369176663 -3.6645317333127592
3.2004552559864674 -3.9930723886605066
-6.7490823691819237 3.5736757718655476
6.7019447278437809 3.6543763869431780
-5.8360549973165803 3.6067664371982113
2.4349681156767211 -3.0422311668274467
0.4634890588483280 3.5779923421650106
-4.9839846315047165 1.0730757543350649
0.4033721564167774 3.6789703201616062
-0.2150647102389787 3.9078503455931939
4.6379170125559259 -0.2976125962983056
-4.8736525451391142 0.6422620187952259
6.8892559786874159 3.2875706758659837
-6.7319088248373493 3.6040063777131488
7.8691322862501103 -0.0606002906524313
-7.7141025295211190 0.5576936036824637
3.9981157128703266 -2.6202739713138068
-7.4177798805011790 1.6899997240986926
7.1980572876090498 2.4395681358289441
-3.7341877467768274 -3.3179762961344110
0.7582222244938510 2.9042384493996432
2.5002972351677411 -3.2052858684897574
-2.1458511838900751 -2.1755233020693803
1.6961696078511022 -0.5001803731352167
3.6749306069099568 -3.4444592811562025
-0.3193287745199491 3.7977853972850353
6.3796654905104617 3.9813975851005554
-7.2542942017752186 2.2575378899152683
3.0107048283205948 -3.9657856418844419
-1.7545386951100674 -0.7308408664503986
-5.3788678465327084 2.4728888085231144
-1.9774569440895124 -1.5821779748911773
-7.9914679788209835 -0.5482144594989359
6.0076508376598454 3.8491197064484015
2.8302970882870238 -3.8077501894831012
-6.7106358592414743 3.6401023397498746
-0.8113328737093095 2.7541297497597999
-5.8865926266288753 3.6895300698135913
0.5202820945137052 3.4707159119571771
-5.8911498862172547 3.6965332040074168
-6.5983376866984127 3.8029966327636369
-1.9114586690119282 -1.3364457806420620
2.6754447941271167 -3.5732250020903495
-6.3328772047722683 3.9950624467714464
6.7859831444311016 3.5049510968002111
-5.3219996039981101 2.2901930603909415
-2.8458326273249082 -3.8263235843056003
-7.0389211772636404 2.9110682504669643
-7.1106735115851087 2.7069086478209603
7.7788156503205705 0.3003808931339005
0.6521105853052127 3.1792189154300803
-4.6725543433830428 -0.1592964116601704
7.8519342873826368 0.0081893806462429
0.9754352372845183 2.2432310147482717
3.7280930531003325 -3.3315305123573098
-6.4861958181685377 3.9178561651454595
7.3841927875767830 1.8107920697142397
2.3584960986413996 -2.8349295591127501
-5.5998867164358135 3.1019774455969196
-6.0828989771761925 3.9200386107061700
3.4342674280385701 -3.8299023635307750
-7.5306983092909281 1.2707260301925138
-7.7739272215983366 0.3198757288009230
3.0579731850621901 -3.9860237155803264
-4.4771081640549895 -0.9324642969439901
-6.5866785563104919 3.8171933465638195
1.9890278987895726 -1.6245803369826854
1.7481140991543747 -0.7055601593735011
-3.1417259854623012 -3.9999999644452231
6.0483492884022549 3.8902100405381916
4.1754184179864495 -2.0461410458365670
1.0780193776058002 1.8922970557448675
0.4974778378231832 3.5151558331441768
4.2528838278346690 -1.7740185733379814
-2.4785048782484065 -3.1523812055119671
4.5186857950635648 -0.7699765414766232
-6.3581622505077355 3.9887621819072878
-3.1330245837567112 -3.9998531772568846
1.7002828103024825 -0.5164997686567713
-3.8462379672670313 -3.0473654103479624
-0.6481519235601496 3.1888034767360631
7.9236266459000522 -0.2783548969170646
-0.3133929219790197 3.8051722005226081
2.3378477850689166 -2.7760617042695142
-4.6676427652045209 -0.1789251387426386
-4.1844285613184944 -2.0150901043722649
1.6207611514993285 -0.1997761516166313
-6.9009187796456324 3.2607731888751017
-5.4504334973243189 2.6913702423287185
-3.6474558506965717 -3.4990261089802486
1.8881328778341100 -1.2481488310271671
-4.7455812097640777 0.1327445397413047
-7.2110546019511670 2.3981625589600508
1.0982201811835210 1.8207263591058060
3.4182023808446669 -3.8479473375331836
7.6977662611430855 0.6223231493892795
6.8260604748408333 3.4249076442544841
1.5388800176682889 0.1276435632280354
-2.1687200381325180 -2.2517104902685374
3.5526262943914997 -3.6668332563705013
-0.9908916832495027 2.1917766887509496
-6.1472663362219233 3.9631089128924977
0.9409108674302988 2.3562088083743524
5.1645367657286023 1.7475939858802432
5.6134059723667651 3.1358347071417558
4.8286114562099733 0.4638440138342185
-3.4476528091246355 -3.8141122365086075
-0.6022671176257059 3.2962135362572393
3.9810587567233782 -2.6714411732880570
-1.1030925520853643 1.8033514062862226
-3.1479020225790109 -3.9999203839900308
1.9889805624258194 -1.6244073096561062
-2.3373093607293853 -2.7745107257239066
4.2060867994916773 -1.9397866611619337
4.7735972305225225 0.2446801534247211
1.1310000486880529 1.7030205540272296
7.2154692963755434 2.3840061330528419
-7.6156145783240206 0.9444646774268013
2.6640461931297246 -3.5525009812752528
3.1411499321562619 -3.9999996079954712
-0.9333870973802352 2.3804615735063761
6.4937861889408932 3.9116219136661252
-2.7366977412876246 -3.6765751944604372
1.0565064785220084 1.9676667400470225
-2.8054703548435729 -3.7761629508596064
-4.7949264801354214 0.3297752722184481
3.5992660071165385 -3.5883319263954125
-6.0213839789124499 3.8637012962287134
-3.2721469815560695 -3.9659595261780600
0.3914342046752051 3.6974513631973878
0.5125393034337460 3.4860082602594464
2.3395351488561893 -2.7809170885725334
1.1557526342579898 1.6129196550174751
1.5807266993503024 -0.0397208373869297
-3.5203355158836445 -3.7165207989331757
5.8506198766022699 3.6315732263888227
-4.0421999703312661 -2.4845365044732808
-1.4875092949581159 0.3327631011624816
4.8708592224151257 0.6312312079351586
-0.5476912287324094 3.4149160563423946
-7.3351191745788178 1.9835705480858445
-5.0807719014396930 1.4404292515984023
-6.5366496650476122 3.8721980529737126
5.1053858582837517 1.5318341728267943
4.8247772362412995 0.4486072279119596
4.2923975203169622 -1.6310106213079691
2.7123961466552924 -3.6372016360926960
3.8291749329142615 -3.0911309139787257
5.8750253445941478 3.6714109036607172
-1.9182515178888586 -1.3620247027136831
-0.9338618737310203 2.3789351077095069
-1.6786764025166150 -0.4306837763029659
-7.3475736869684631 1.9401566386745355
-6.0305456123122259 3.8730239032963323
-5.6724840903553062 3.2769844482590966
-0.6352129473887107 3.2197814504722619
2.0208520965823311 -1.7400630047130738
1.3427779231142463 0.9041906538041065
-4.8461779589501006 0.5335608394230861
5.5611870723507302 3.0019464945704111
2.6107063760525921 -3.4494347554663087
-3.0363796618839967 -3.9778808685327518
7.2859112243181752 2.1520260845570585
-3.3443077041157867 -3.9180942758200237
6.6022086403752951 3.7981687680948593
-4.9093300247650848 0.7826817032403641
4.5408023094848069 -0.6829837364782230
-6.2879115909645780 3.9999553245663302
-0.1245760970916550 3.9690017122560146
0.3908521338817366 3.6983390106538701
4.5223076713407941 -0.7557549607103332
-0.6287995843931089 3.2349365780866477
-0.7628630248842381 2.8914425739543281
-3.0619876476153944 -3.9873327774713370
4.5237578796059026 -0.7500578144549960
0.3898042724486128 3.6999338219523930
-0.1526370742264564 3.9534942436432488
5.5716628236427219 3.0294743650565672
7.2542214982481834 2.2577779545031551
-1.4154372929744614 0.6189392755513803
2.2011165970169824 -2.3576140594888280
-3.6467234344683046 -3.5004447767198879
-3.9503030387679310 -2.7617276432546003
3.1863937918102625 -3.9959863874198724
-0.7409710567793404 2.9512537552590898
-2.0354879794495311 -1.7925886905017039
-1.4310144206954050 0.5573086050332327
4.5354964310236134 -0.7038858730316180
4.8882195697188902 0.6997039232125308
6.1973370194472164 3.9852691934042537
3.3283661695901081 -3.9304338913501957
-6.6997930053072281 3.6578677217218418
-1.3805302843235392 0.7564805724937163
-3.5384094236096360 -3.6891837340858977
1.0661571344673249 1.9339665566966906
-6.3556200896184976 3.9895109919313905
-3.9265453080799428 -2.8296869334916881
1.8311828187245371 -1.0298161384378295
-2.1971225725077801 -2.3446891776555674
6.6598714645592594 3.7195548252074020
-5.3797352751385059 2.4756150850945087
-4.9122304831127028 0.7940559616853349
0.5539275006289426 3.4018603908740488
-5.1100772650029107 1.5491522912276052
-2.3104719492858443 -2.6961933342648234
-0.7089799615564587 3.0361055074035832
0.2393509387453232 3.8859682152130923
7.5329803492926644 1.2620674306128901
0.8796233520525316 2.5497655848567460
7.7007612017654470 0.6104864890870262
0.1318673659059275 3.9652723626486588
-3.3338753431537924 -3.9262822832533204
7.9919720511490890 -0.5502116526287912
4.7543638413482245 0.1678501448347547
-2.1528152943287093 -2.1988464385703312
-5.1771760722384368 1.7929299575639290
-0.2227205963647965 3.9012004948918637
1.9892417922117485 -1.6253621304149348
-6.9850389745438974 3.0545868345435698
5.4311203039138682 2.6337213733408746
2.3899939111167718 -2.9223926776448308
5.3568546793069824 2.4030855714133121
3.5463169918363509 -3.6768439125830055
-4.3869031240832559 -1.2790766809137681
-2.2086309518172804 -2.3818288182275866
-7.0845527553525631 2.7829004439444653
-6.1178844239955126 3.9454755597287452
1.0996081833595071 1.8157811058893734
-2.2845002225686297 -2.6185527469950203
-5.1990868102638093 1.8708388573474788
-7.6902265112531101 0.6520969369494366
-4.2775115689941270 -1.6851969050521198
4.4706297890428601 -0.9576441083424462
6.7002711851402061 3.6570933013267237
-2.7079763793520240 -3.6298091614062731
-7.8129786761728344 0.1639658777915270
7.9945324269981715 -0.5603539900500610
-7.0887465800816329 2.7708261726469567
-7.0355488128045085 2.9203030786644302
-7.0046211298575436 3.0034327801777962
-6.8019345652484624 3.4737598782001946
7.1975295885126265 2.4412405695330301
-7.8394504689202211 0.0581226146888854
7.3523492251129596 1.9234298909686562
-4.4271767354018596 -1.1254445133278999
-2.2198611144752576 -2.4177665352560815
-6.8288424332991742 3.4191457604345374
-6.4381910565404397 3.9520425726840438
5.0093190724567531 1.1703440946662287
2.0228174133714880 -1.7471381042096688
-4.9797883836982280 1.0568966325951392
6.3902643133113060 3.9770900757146097
5.6440318477633138 3.2104040823925257
-3.8145535987082582 -3.1279181087361514
3.9185011376640340 -2.8523373472349274
7.4652722050552018 1.5159777518147939
-3.8276612940618939 -3.0949700201783861
-4.1398806815228344 -2.1669683528549331
-3.4002228077585794 -3.8669649281689593
-1.2871283524811741 1.1195156330963936
4.8017265030962601 0.3568749338301085
-0.3377800549797438 3.7739706596390663
-3.4528762425053561 -3.8077648623055036
1.8276396729057485 -1.0161148697663103
-5.0537568562242488 1.3391054043083523
-4.1901815681593746 -1.9951782415557902
-4.4760557236896990 -0.9365575577484663
1.8648827503884018 -1.1594624682136774
5.4219157102716657 2.6058991520952399
-4.8951547937995521 0.7270000531087659
-4.1069090699713087 -2.2766269522739808
-1.8925057619968744 -1.2647550266252179
-3.6473234447950045 -3.4992827141571268
2.1797638364140557 -2.2880835048319583
4.9404025202008945 0.9041717019159804
-5.7104886018836627 3.3617707483196715
7.8140214321391763 0.1597982712982753
3.4540325132736616 -3.8063457431071046
3.1973444071958141 -3.9937850939842154
-6.9862839747455823 3.0513692084835711
6.1671572458496051 3.9731051709498861
2.1752562609990100 -2.2732711523391975
-4.6694973326998319 -0.1715139905894559
-5.3772885669584358 2.4679204504271541
-2.8785251296958592 -3.8623873276718883
4.0714539778688650 -2.3917805670467800
-7.9351601289035685 -0.3243574558346698
-0.3017112742222672 3.8193174977154625
7.8153453317997688 0.1545067616519081
5.2408033543152772 2.0166584675435062
-4.0070289863439097 -2.5932318526340294
7.0952217173727714 2.7520882340941704
-5.3547075565975071 2.3962142185646735
4.4144120649376255 -1.1743475068915281
0.7451747052291093 2.9398777837732903
3.9351848819029076 -2.8051561150438751
0.1673597142311145 3.9441120833270680
2.0069899903884085 -1.6899703945739373
-5.4205069777838109 2.6016215138614287
-2.4339404456860638 -3.0395606186698427
6.2232657030655094 3.9928214302747582
-0.0763157988791363 3.9883574499445187
0.9812772725847996 2.2238452846452170
7.1791994112173683 2.4989091268129799
-4.9417574199442420 0.9094501957290149
-6.3328756128321935 3.9950627630622684
-4.9424846927125969 0.9122828574723323
6.4392658591109342 3.9513765531795695
3.5553344091943373 -3.6624916297385068
0.1327675126531069 3.9647973311852991
3.6402514453116392 -3.5128991275347787
-5.0807516101233379 1.4403535313421061
4.4273523944473840 -1.1247702449127046
7.6936334263863291 0.6386478279202187
5.2127081060639711 1.9188222932720089
6.3052272304851105 3.9990283465744683
-3.3786055713240728 -3.8881747105591704
-0.7463728090710600 2.9366259365896026
-1.8705678362412606 -1.1812076543427217
5.7531645514958463 3.4511863105550544
-4.2513756074219842 -1.7794236569345223
6.6006012394872933 3.8001804370034926
-4.4033872884272274 -1.2164310493030805
-4.0182139735273612 -2.5590063305532307
3.4680361109305675 -3.7887553228649637
2.4131958172967494 -2.9849701819369732
-3.3835422928417547 -3.8834907788093553
-1.6687377632611735 -0.3911397090871652
6.6515334981411804 3.7316935722344033
-7.5856745976036954 1.0603977046038311
-5.0110167453187398 1.1768359304243101
2.8747309716206022 -3.8584129478550420
4.4492460450095539 -1.0404663136595318
-0.9521764051698156 2.3196455660462592
1.3322072182976274 0.9453277511986489
-5.3822002520009971 2.4833521863282728
4.5888555296523403 -0.4928779722859014
-2.1464306636397090 -2.1774680473210153
2.2597207408049425 -2.5428290910927287
-1.9480441220327442 -1.4734527704606979
-5.8251496039277892 3.5876912563841739
-2.4852642196540415 -3.1689520030730352
-5.7164915083548919 3.3747220105371238
-2.1929664237602537 -2.3311999447202276
6.9815307741539048 3.0636280774710793
-3.2720759454008164 -3.9659965071905323
6.1321293721897909 3.9544509190931771
-0.1377577614916756 3.9621055827006151
-5.1236513019566665 1.5990668459703792
-2.5271861482973854 -3.2684628994468348
-6.4043230969396117 3.9706871437271896
-5.8797277484901365 3.6788362176331901
1.9835809341827062 -1.6046464027509930
0.4750842230052505 3.5570168002026805
0.7217195376556198 3.0026831258147095
-6.4763614059954371 3.9255977943297840
-2.3373930478526219 -2.7747518466284733
-6.2198890094242962 3.9919898322589868
7.1739934043058255 2.5151354867454776
-6.7193350319517080 3.6255397481905964
4.0645658720876217 -2.4138079397734864
2.2657379400167539 -2.5613623770341682
5.9186240235344290 3.7371210830265382
-0.3538676696680287 3.7521578989477411
-4.7844462732697330 0.2879798098010108
-7.6907652450769444 0.6499707357109643
6.6368288532645128 3.7524684654690250
0.9838578220221716 2.2152579945931903
-7.8177935874859870 0.1447205940556951
1.1105754693046794 1.7765839841686399
0.7794216444720590 2.8452806585233335
4.5457234204320169 -0.6635801652591971
-2.6135096190873526 -3.4550982983665364
-1.7381430564598563 -0.6662669352089323
-0.5052826169514812 3.5001508291720649
0.2641382618863037 3.8612713588674015
6.2472921137447965 3.9974236339468705
2.7972181268342116 -3.7651472059337689
-2.1532711497784174 -2.2003694136639420
-1.6573402407457269 -0.3457436837046896
-1.7051420846124934 -0.5357679711983517
1.3064966840302965 1.0449331778227144
2.6381980061145551 -3.5038001114310733
-1.0154792680409521 2.1088509683501511
-5.3444555416981832 2.3632533484799505
4.9047329210642019 0.7646405349694541
0.5823790194401663 3.3406260978759259
6.3187048048802037 3.9974769958420624
7.6355689185335969 0.8667212874681559
6.5475787809566075 3.8610047127780884
2.3006433728772144 -2.6670225994370904
-7.7316375962893638 0.4881562285375333
-5.2923789197685664 2.1920620857380673
-1.1262969375731391 1.7200238790134277
-4.4654650632238919 -0.9776893543167378
-7.5795678778850366 1.0839306976562928
-6.0396364099992610 3.8819531104293272
-1.9275314058258708 -1.3968669278822987
7.0925457872571478 2.7598459520009784
4.8312909277989089 0.4744879169941671
-1.4967937647777863 0.2957401446449725
6.9380187715708797 3.1725974552373564
-5.4397667938114722 2.6596534331190691
-3.7923596206713412 -3.1824776255984082
-2.0553372534858720 -1.8632087187213204
-1.3512071896672389 0.8713145785740850
-3.0878013409811214 -3.9942143846365918
6.0507085641679588 3.8923950699460690
-2.5863546742911687 -3.3991000584292999
-2.2530178063430544 -2.5220753318099236
-0.9726802365972134 2.2523464578762873
-4.7179971780099876 0.0224326729091346
3.0985618617585136 -3.9962972733075093
1.0209456545728095 2.0902396700439669
-2.7939029336924417 -3.7606495808975318
-7.6313685100650570 0.8831160642226555
-6.2988327474949681 3.9995103252143718
-0.4536015245474481 3.5954989074277002
5.0176107400055958 1.2020187702492937
2.7949484390680528 -3.7620724515929895
-3.2292204143618299 -3.9846525754481990
-3.5876074941122820 -3.6086934182842403
-5.9139784479530046 3.7304554570748798
7.6757840447956269 0.7090239722501075
-3.5289646640712480 -3.7036199840640935
-3.8573403071675099 -3.0184114220271825
3.3616994444692807 -3.9034965553302450
-1.4073298086285959 0.6509579353195062
-0.9127410169235759 2.4463176139964316
0.0508128140625832 3.9948372268292744
-6.2892757244349493 3.9999258138646288
-0.6116932553645658 3.2747073295889568
1.2297694979443801 1.3378198553983902
6.7523618475057425 3.5677636778645292
1.2009306323797038 1.4459608477381893
-7.4103394143522152 1.7169277473529421
1.3707745575029691 0.7947626644137045
2.9720275509753513 -3.9426330026555378
-6.3375182579576670 3.9940973132290050
7.3503041868714902 1.9305982119997893
-7.5596144451189158 1.1605372675679957
-3.1725181627738053 -3.9980873782046134
5.6830727594822434 3.3010882418894130
7.0132309526304510 2.9805758480137414
5.9305307000076475 3.7538365803531377
2.4223952921130252 -3.0093389378242366
-3.8145089164915795 -3.1280295080516600
-5.3255311655385107 2.3017604545748189
0.4646559047874081 3.5759032513118267
0.8376894725354553 2.6767262442147417
7.2636773685119689 2.2264552948227312
3.6629614712733201 -3.4685529142841975
7.9444690523684152 -0.3614559367352893
-4.7904515143297743 0.3119331028686235
7.7660310684403342 0.3513488880657100
6.2912189997573478 3.9998709202613711
0.2881656283306331 3.8350672226911464
3.0142154782715469 -3.9675939614994697
1.6093603559635774 -0.1542178849707217
-2.3222979169576412 -2.7309467517917687
4.1452254150580909 -2.1489675362098248
3.5885031935848879 -3.6071464462494975
-1.0922974934274894 1.8417885142013923
0.9474092856906609 2.3351538488995267
6.4261802011594185 3.9591745567600864
-3.1456450456456704 -3.9999671562821977
6.7373271993321708 3.5945512139023252
7.1643683027599163 2.5449556715371937
0.6917385685584740 3.0805527457261386
4.7965302496909263 0.3361680848343060
-1.9097086510546131 -1.3298459348009832
-6.9194697247638040 3.2172365799126572
-6.2262566828286641 3.9935200138077831
3.4757444713010166 -3.7787553043023663
-2.7572666204434153 -3.7082053462933424
-2.6006328677817834 -3.4288593038225046
-7.7176518825726141 0.5436313762376954
0.4998720448560157 3.5105755986796341
-0.3603175963542746 3.7431395818674509
3.1975211674397030 -3.9937456332363310
-0.8769532124132891 2.5579858436268879
-1.0372406219290298 2.0343921052167619
-0.6739802902628966 3.1253750360318513
-6.0762807218522319 3.9146859919339514
-1.7836084625405029 -0.8448377106223450
-2.9150058603231148 -3.8977554252850779
-1.6172629292683123 -0.1857995316879554
7.4634593158766442 1.5226858399249468
-3.0217849798968306 -3.9713265651950294
-4.0158769560508514 -2.5661840917814418
5.1488106682323860 1.6907970446976004
-7.7001005479265867 0.6130980119828027
-7.7454786032196115 0.4331610267249639
-2.5375866367462923 -3.2922681245844267
-6.7040016466194778 3.6510230606543943
0.8194155209884109 2.7305937205057180
-3.4523289668715034 -3.8084347720921352
-2.3287963259821876 -2.7498815824915481
-2.1680242515770960 -2.2494096578101885
-2.5753987044999427 -3.3757949574498687
5.7893868743365804 3.5221554275848952
-2.7368631474496539 -3.6768357727835030
-6.1552856153667683 3.9673279125229648
-3.5563701075798644 -3.6608241045711361
-1.2561626306902980 1.2378726801308022
5.0229180006242053 1.2222495898638468
-6.9045856703405164 3.2522559947193557
-1.3016367441212022 1.0636854913116438
0.2299249099471563 3.8947340444185259
0.1271971772905331 3.9676853599880073
6.0251458032911103 3.8675685042115764
-6.2108529602112839 3.9895406246174581
-7.8784767477238127 -0.0979706570727067
-7.4698592056244859 1.4989826408282811
-1.2033827575534151 1.4368112999794540
-2.5705411916268925 -3.3653324292098987
0.5068697589228641 3.4970733674837633
-2.5529574405121380 -3.3267968769586926
3.3429725547136666 -3.9191660032395053
1.4615011735458729 0.4363107475980276
3.9703984010067686 -2.7030262201629571
3.5997811714691927 -3.5874209238431161
6.2126365630490223 3.9900498773476771
4.1047402117179050 -2.2837547851469493
1.0963127203558543 1.8275166447466018
5.8936994406350482 3.7004176207608306
-3.8067933213446619 -3.1471717816594782
4.5951338121351171 -0.4679466683332587
-7.6546831328538545 0.7919270654509196
-4.6462223863488550 -0.2644732993790709
-3.0608279284255087 -3.9869612082560626
-2.4673256474124887 -3.1246591489413067
-7.8989733731780145 -0.1799062464092077
5.5340411308391904 2.9290878536952141
-2.8714260887328642 -3.8549058196525889
-2.6858578752696278 -3.5917515133668707
-5.9597232925723134 3.7925627907351065
7.8110994496068997 0.1714761721265460
7.0816301746775032 2.7912858007980899
6.3013747451339714 3.9993383069378505
3.7432465578525633 -3.2976024877230374
3.8633702044503444 -3.0025298089277297
-5.7453086471680521 3.4351937301353512
3.3327661023157003 -3.9271277713499479
-7.1659282800067157 2.5401385364751654
-4.9116609756062815 0.7918231402391460
5.1023400914066350 1.5205727872403965
7.0778974982672285 2.8019607733689127
1.2817201820716431 1.1402672981545452
-4.5461358630798063 -0.6619531984598669
2.1363694728418920 -2.1435992026450852
-0.9578082918307835 2.3012561440483053
-2.8787688015284729 -3.8626406743631496
-5.8090814185128270 3.5588087627042273
-5.6218654811371440 3.1567293443370370
7.1598988712105207 2.5587227311580896
-5.0683920601495132 1.3941228977209639
5.5566747447804765 2.9899874436781810
-7.8675013636407023 -0.0540772712279546
-4.7334923527372084 0.0844072239256363
3.1693521105216877 -3.9984589240666542
-3.4873713192538229 -3.7632473007853653
3.4194082587755101 -3.8466272592017394
2.6612502609279360 -3.5473470439553987
1.7237069242972449 -0.6092616402083417
3.6347970746678584 -3.5232809905734053
5.6706880116790614 3.2728593765683920
1.7228481486117548 -0.6058663942181753
2.1795628319377212 -2.2874239717222116
-7.4195351742645990 1.6836333908978240
7.8905316197815871 -0.1461673939496276
5.7986331631817816 3.5395346183670564
0.5285349291836745 3.4541871456651263
-1.0885096890789363 1.8552248102544919
-0.9376646230332923 2.3666894702271066
1.4074852093620347 0.6503446110711865
-3.1434118021886519 -3.9999933813985762
-1.1623559573656035 1.5887138963758904
1.4968222503798376 0.2956265139703545
0.9305559051614054 2.3895530610925921
4.7214178480174063 0.0361149798412931
3.6912789962543240 -3.4107536992170120
2.7954920385091384 -3.7628106333238627
1.0197390415799870 2.0943531927671502
6.6093779958320269 3.7890768660805705
4.8353595912280269 0.4906436913952228
3.9222104566979734 -2.8419156566313535
5.3563619629184060 2.4015097287155567
-5.3209982713959256 2.2869080584746286
-1.1069254048167334 1.7896532861854881
-1.3490205360842609 0.8798490708359769
2.0294038690152210 -1.7707998468141746
6.9413147506445494 3.1645508739158212
7.3207738974144334 2.0331935735351259
-4.2695458659597421 -1.7140402104329351
-2.6257153100774300 -3.4794410606127477
2.7159932145204024 -3.6431656324105766
5.3451769485833864 2.3655808815194890
3.1898257254357709 -3.9953480435361390
1.0311926636010309 2.0551840390466842
6.0321055518100550 3.8745788847815730
-5.8747807715020333 3.6710224889598901
3.0683009208364123 -3.9892614521132388
-6.3389105803873989 3.9937909948397836
4.3995027450608504 -1.2312240831772951
2.5747363896927205 -3.3743730913570942
2.1218953235400750 -2.0944953390712335
-0.5961085995972937 3.3101064411720884
-7.0145867091949530 2.9769564738644689
0.0720573412627896 3.9896199716240699
-3.3117024856221011 -3.9422647172951111
5.3682003344797362 2.4392099417579147
3.5495643088624664 -3.6717098111615658
7.9549742671511705 -0.4032841657842849
-1.0990727123752908 1.8176893273923305
-6.9739263542540169 3.0830963970338692
-2.9076422096814909 -3.8910327496653796
3.8395194120025842 -3.0647046458253335
-5.5571464700290374 2.9912405138905509
-5.9420518364888189 3.7695042486395751
-2.0438114735904414 -1.8222897278203711
3.1558727527739450 -3.9995921644651800
-0.7394200070671744 2.9554380668948590
6.4606563299674562 3.9371732312858065
3.2703799731182936 -3.9668734775083681
-5.3254748204387212 2.3015761249322555
-6.3997503869954304 3.9728559200563196
7.5981302215023589 1.0122767908274362
-6.0334325661267982 3.8758942597373198
5.7159529076442670 3.3735649393961085
-6.3780498520518929 3.9820149300496670
7.1797298506294069 2.4972520156848010
-7.1102564222206546 2.7081367136432104
4.4468560366922159 -1.0496942835650602
5.8398100026701947 3.6132353471367575
-3.4713624786847763 -3.7844676201604748
-2.3377713780989140 -2.7758416562782324
5.7523044008354862 3.4494456331101770
-4.4797332650435617 -0.9222499893433505
-4.4393092122823550 -1.0787934315686898
-5.1932851122349444 1.8502954176800508
6.2419062374220982 3.9965925606866177
6.3771848030381033 3.9823411979283212
-0.3470332260390059 3.7615435103347670
-7.3174822895126930 2.0445212195221703
6.7106524821068074 3.6400747750727431
-2.0506383091002558 -1.8465560355359669
1.7918301190817996 -0.8769535261728569
-7.3207616903635468 2.0332356233056061
-3.5489387719621739 -3.6727018154707087
7.5832164863102864 1.0698751423518771
-3.3888709157744117 -3.8783288032434573
-6.4673353840276064 3.9323689440299399
4.0205786641012047 -2.5517293505399885
1.9304188039607819 -1.4076835430339705
-3.6608046018101543 -3.4728419097802532
3.8948191076643752 -2.9179431523819184
-5.6673293588672280 3.2651172043367014
-5.4653170513622857 2.7351130874267442
-5.2717562058249143 2.1225998805293229
-2.7013729231228609 -3.6186321980071954
5.3115327805804604 2.2557424573038403
2.1054507353009804 -2.0381748298712346
-0.9190003606948451 2.4264606738802517
-5.1184968529855279 1.5801470668799411
4.0758115296155601 -2.3777869471167135
-3.1387083760044625 -3.9999833618971561
-5.2643893748195403 2.0975662692652270
5.7605569766922908 3.4660408738726449
-7.1994760959298034 2.4350681473949281
5.2098060289195960 1.9086287547388914
-5.1687088916959887 1.7625902221804775
-6.7998407520607618 3.4779046634339683
7.8708229008774033 -0.0673618832172329
2.5978779002947849 -3.4231715178596964
-4.9079645318987879 0.7773245852374135
-1.5951365335519512 -0.0973512138130028
4.9036342827148989 0.7603265615344567
7.5982902469188023 1.0116575126771903
-7.8753616671789093 -0.0855136176748749
-0.2037741267570592 3.9172391853686888
-4.2902293782911602 -1.6389256377642794
-7.0411574851638861 2.9049261182884529
7.9343071233823412 -0.3209565525094596