1.7952550334819044 -0.2225786799409032
0.2322074427427143 0.9731607758427223
6.5488826182299267 0.9649096340346812
-7.3066114219688441 0.5204434653666188
4.3059916961188058 -0.3953026226294764
-4.9317369399163802 0.2175932521051758
2.7664315986757266 -0.9304486198538002
3.1170908613969868 -0.9996998461062657
-3.5599212001601472 -0.9137692171288850
7.5299897197441865 0.3183533105601826
-5.8935485726786929 0.9250471081623075
-0.8888623406369227 0.6302956620182169
0.8516846193180942 0.6587165885029994
3.7425591343549556 -0.8247895134380984
3.4418068749169706 -0.9552731604746448
-2.0441200684000425 -0.4558471209626646
2.6514611883967820 -0.8822709800623529
-6.7134291289901444 0.9088640804634884
2.7493369994234609 -0.9240491340455466
-1.4022009724554447 0.1677977852554474
-2.0994420583037741 -0.5043644055475934
-3.1319964142809056 -0.9999539564489026
-7.3087912025261161 0.5185809242320620
-1.2765312386384373 0.2900366064469951
6.7617781056959707 0.8876438606851151
-0.1123850868328322 0.9936914402976118
-6.2282190135004161 0.9984897335835379
-4.1098596633243130 -0.5667282004869858
-5.4127848715975606 0.6445204310468894
-1.6277824991109036 -0.0569553342812650
2.1686410268647993 -0.5628623175077754
6.0584467866058418 0.9748524114677800
-7.7531458498656143 0.1006649903510382
2.2963042386090216 -0.6635155288103004
2.2951798816824116 -0.6626739078849561
1.7750639452233514 -0.2028500591514432
-1.6877561209260303 -0.1166933160565507
-4.5466015339901578 -0.1650290315635065
-5.3241456914710543 0.5743064601758014
-4.5406112255008217 -0.1709342089339989
1.4159290828238955 0.1542489334436880
-0.8245017957042045 0.6789228362578142
-7.0915418045155345 0.6906878691142331
-5.8493470949709199 0.9073590196244015
-2.1981908317065777 -0.5870374488858643
7.9603347526175785 -0.1061527388980370
-7.3603572776539856 0.4738206787850862
3.1873254424672055 -0.9989544382614561
6.9882772432156735 0.7615519708819481
-7.6615629579046693 0.1912334903932408
-7.0949314458259902 0.6882326766280127
-1.4767586378029964 0.0938991530169693
2.1270908175450671 -0.5280430466534881
3.2511040691837980 -0.9940096152844941
5.0085084210122961 0.2918107509207207
1.9476680836136673 -0.3680135704424110
0.6869757310968865 0.7731675446850922
-3.4932366350276336 -0.9388077260614979
-3.0639631789230588 -0.9969883452241148
-7.2903641276018778 0.5342476663582776
-0.3378287386281045 0.9434765303515150
-1.7158853524846318 -0.1445805205835847
-1.7978356509196658 -0.2250938179610730
-2.6530224147218622 -0.8830048391438065
2.9977587407387283 -0.9896737238547915
0.7347778449921982 0.7419797093901654
-0.0840873606297272 0.9964667405075630
-6.0652833135897364 0.9763531483734400
7.0502097269299178 0.7199788946052467
2.2685319568544138 -0.6424841514886828
-7.3252344885953846 0.5044519729085830
6.0940731936827408 0.9821715332813052
5.5831058624529817 0.7647910051728686
-3.2692600784739874 -0.9918615773191788
-5.2074414320018647 0.4750778063993769
0.8852991269488264 0.6330579743307159
3.2815135033448968 -0.9902270379825898
6.2576130269479329 0.9996730470598015
0.0935990552813255 0.9956228054632011
3.3604565210244797 -0.9761447572159816
-0.9283625446509021 0.5991457970868654
6.4942444661804313 0.9778095740000047
-4.8990043187088705 0.1855340674459701
-2.0308732928502859 -0.4440170712766839
7.7010833158560690 0.1523032739333050
2.0295956232676531 -0.4428718938121588
3.3733792648775829 -0.9732575340437861
2.3362362773507321 -0.6928543040997724
-7.8515601761507750 0.0024214554573561
-1.8081346000528971 -0.2351163511808197
-0.6053164007685048 0.8223220997072435
-2.9294047541421460 -0.9775724849191826
-6.4871660724549383 0.9792679586582240
6.9789831666220401 0.7675425198128570
-7.8222027154361715 0.0317735698885425
1.7330192034971681 -0.1615122957252123
5.4657884781265516 0.6841221911855863
7.0451633120174542 0.7234719037170325
0.5037820016578234 0.8757631017714268
2.7747208951143278 -0.9334540023461685
7.4781003843836515 0.3670923962172189
-6.0470681610266848 0.9722536148848174
0.2993763101504054 0.9555206162592011
-7.0542659722524910 0.7171579615176855
-3.2235851855553861 -0.9966404950834732
-7.0190895658933705 0.7412240659146475
7.7413534872411773 0.1123901811741877
0.5764335221797054 0.8384118411891232
-3.7965605917017786 -0.7930674584894863
-0.0520727672766004 0.9986445197859157
-2.5925342167745491 -0.8530162871396497
-7.3236604356901971 0.5058104472732838
6.6468774057243074 0.9345898165744368
-2.4968444628560054 -0.7992511289443799
7.6507551128954088 0.2018304966642022
-6.8998634784168065 0.8158040620357279
5.5892429232564336 0.7687305540481608
6.2729695602272617 0.9999478197109066
-3.4015045538841786 -0.9664126231050790
-7.3615497465684765 0.4727702285648795
0.1878582386140533 0.9824064732011878
-5.5305670617447156 0.7299016654025529
7.9873898184475269 -0.1330128090311942
3.2870137144844200 -0.9894449780465955
-5.5650811973872063 0.7530544981899037
-7.8729710756446281 -0.0189883004287747
2.5574780377029445 -0.8342006676080418
6.5472210687068717 0.9653445951847509
-3.6183406132556897 -0.8884919543152262
-4.6563790746263454 -0.0559806254831833
-3.7878889018423489 -0.7983197933884203
3.7134228005728342 -0.8409119598004897
7.7122111827713997 0.1412960241314683
-4.9324668967438807 0.2183056607945563
-7.0650480370306461 0.7096022858518628
-7.8910161206200087 -0.0370260214312861
5.7750937164932044 0.8736745598062291
-2.7291310637540978 -0.9161368325265582
3.2819390124641288 -0.9901676048221260
7.3707840526342938 0.4646130483875275
2.6557625152485436 -0.8842876268909312
0.8332524112947777 0.6724721385012394
2.9254942974027358 -0.9767414734806952
-4.5129053345441648 -0.1981632428787498
-0.3732445152087607 0.9311491736515284
-3.7220438573926646 -0.8362152942936628
7.8012274439870577 0.0527297242002003
-3.7270255075633720 -0.8334729860944370
7.4546944668874140 0.3887616808351965
-7.4032774661018603 0.4355994921399567
6.4731413486012972 0.9820125361369969
-5.7229859406294104 0.8471491934164036
-0.1843239653317639 0.9830603802423603
2.4206743328150395 -0.7511998855794104
-0.5262236612327218 0.8647099790079014
-3.2974649960647149 -0.9878764825442541
-6.7139030509463105 0.9086663091509799
-4.4107819353319666 -0.2970550931748009
1.6509144933346001 -0.0800324820193652
-5.8366701850667404 0.9019574333784943
0.8460175734658257 0.6629698234291288
-6.9629460493810154 0.7777231401283756
-3.7087567741239518 -0.8434279191862368
4.2819626582012962 -0.4172582767972443
-0.5781335172626338 0.8374840695227419
3.0822613097053004 -0.9982404120836373
-7.1706408332186733 0.6313872257524197
6.9541593596863382 0.7832164211827082
-2.2282098985486556 -0.6110715452741798
6.2869686654715426 0.9999928431085542
-7.2336798660572210 0.5812807364846923
-4.7517910385309055 0.0393918635093757
-0.8660102781417454 0.6478708668876432
-7.2042721245766081 0.6049551253430457
0.9121127154089432 0.6120763842664759
-3.0295586226062188 -0.9937307495077918
-4.8179295545972671 0.1053447505233212
6.4888334206628535 0.9789288442798487
-4.4242062247490601 -0.2842103906199002
6.3520846028386568 0.9976273823419962
3.7789827671283049 -0.8036516366731298
-6.1760273670846004 0.9942640798036004
6.0788108837318404 0.9791881397774395
-5.1817063856958807 0.4522776001401984
-6.8285518719226772 0.8549371995390244
4.8568494475243646 0.1439585377541611
5.3374697828854050 0.5851627988783715
-0.4027047535984298 0.9200043455272451
3.2735582623954631 -0.9913051683590584
4.9790691765974486 0.2635304424589021
-0.1076613534592514 0.9942101122614522
-0.3995624936493574 0.9212312788442933
4.5839819499187069 -0.1280544509232872
-0.0320415945266426 0.9994867120268639
-3.2161585255668736 -0.9972212532282010
-4.8832124040182876 0.1699938454102210
-4.8834387276631368 0.1702168705868462
6.2557784354694306 0.9996244551995355
-6.9065541119510172 0.8119164480576069
-0.2473343591238724 0.9695684686663211
2.3685354700147236 -0.7157791047812954
-5.2239266592957829 0.4895186700414339
7.4808065560968853 0.3645738161783041
-0.6153133644474718 0.8165926085127680
-1.3515155791824061 0.2175276501232856
4.1549525611500489 -0.5290124479313497
-7.3436368040239142 0.4884781662983588
-2.2340514615088214 -0.6156851303084594
4.7697445893038424 0.0573241672929917
2.9847631196643221 -0.9877274337698720
1.8249644148540440 -0.2514403107901469
2.4994949238692410 -0.8008412393782482
7.6943624891926969 0.1589422044062906
7.5454844045380032 0.3036271536667802
-2.3311981007011866 -0.6892126096945398
7.8705920142706312 -0.0166096164929266
0.7171146908253867 0.7537051257522014
-4.5113285970551686 -0.1997084651681087
-3.9588007156846139 -0.6842598594646574
-1.1881882408096871 0.3733412423674953
7.8616541051183617 -0.0076723958684456
6.3936981296674507 0.9938996704790998
0.1079284120319350 0.9941813804322481
-3.4200189896107851 -0.9614891390734157
5.0945502939871048 0.3729267370235922
3.1846372398912699 -0.9990737248280152
-2.4512502187017038 -0.7710279972438170
-1.8727577083999698 -0.2973934164407900
-1.2507944528868133 0.3145683393954884
6.6186040309773446 0.9442725633697218
-2.9915332440385018 -0.9887621981387201
-0.1848833073184757 0.9829577091520264
0.1833139680077291 0.9832449931256726
4.3317402395952325 -0.3715228539459016
4.4078978927948249 -0.2998077117919435
5.4624296506405177 0.6816685174330704
2.1056958913854551 -0.5097546354253776
1.4908538699179932 0.0798573347536085
-1.2184089176409589 0.3451394951279286
-0.4363217533643162 0.9063122496803986
-5.6411760761542773 0.8008942360491934
-2.3768287699388857 -0.7215458566339304
-1.9171780657456310 -0.3394966745995510
-3.5613228628422178 -0.9131989170779125
5.6068221309322350 0.7798543808430424
-3.3582951248620958 -0.9766117606766518
-5.2442004818818369 0.5070954871868804
3.5481942843980114 -0.9184701459997094
-0.3067942277518139 0.9533066231711449
-6.9934347066577640 0.7581992854047502
6.2096057386313745 0.9972942446126714
-7.1649902612455953 0.6357589588065706
-5.0380810602418737 0.3199645593136579
7.3882688015393629 0.4490598324662978
0.2789892523080422 0.9613342731848441
-5.7453042863630142 0.8587961984258270
4.8740638178143971 0.1609714275969256
-7.1688001370740366 0.6328135557518282
4.9181492020607749 0.2043114043912318
-3.5212938740281707 -0.9287754175795229
-0.0376535732202719 0.9992911879634545
-5.1532627166582863 0.4267298167278757
3.3534563703476383 -0.9776407061749439
-2.3139984036723096 -0.6766490838499402
3.1571849853362544 -0.9998784420581565
-4.3669253289024805 -0.3386329719091047
-0.9491867996694587 0.5823443668163572
4.6771382827759798 -0.0352433975741730
-2.1267052193970208 -0.5277155506694865
3.8511198109294682 -0.7586700060160614
-2.6189616391189077 -0.8665088787295775
2.5603941132440795 -0.8358052204849891
-4.5661034691132354 -0.1457643309656643
6.1062787061316612 0.9843927945457153
-6.9907182323440811 0.7599676891848579
7.6136452104513417 0.2380293939129461
5.4254072872068608 0.6541197672120720
-1.7010102733859167 -0.1298462809381411
-3.9675069521973452 -0.6778850860858261
1.2402854954158951 0.3245262542094866
5.2892006957489937 0.5453542749221796
2.9645112846735433 -0.9843620229364679
1.2439410071818173 0.3210664302634592
0.9043145258572860 0.6182245088826467
-0.1842030405196482 0.9830825363952684
-5.3961014572378065 0.6316754049473796
-7.1246138479921388 0.6663983920602410
4.3284046316454781 -0.3746176392091689
4.3451086293636347 -0.3590784946354600
-1.7543886465414502 -0.1825626917837444
-2.8560179139352933 -0.9594999018294450
1.5407643302321095 0.0300274823525496
5.0438798525662403 0.3254530959597801
4.2990483921266183 -0.4016708211937847
-4.5211724565237699 -0.1900533865163997
-2.7021643260606787 -0.9049950132324659
-0.8718606333916306 0.6434032959376997
-6.3153503113647762 0.9994827508501490
4.5730369476928612 -0.1389014578011626
-7.2508980128993965 0.5671848071467134
4.8041492240918373 0.0916315285811692
-6.5687247293622306 0.9595098504793210
-5.5610110361115144 0.7503702721924520
1.8357530223205085 -0.2618674750804747
4.1131391132958690 -0.5640232031836069
0.8569336535378405 0.6547582051211446
0.8930284681020861 0.6270558068091372
-6.6819304884455519 0.9215489181685201
-6.1571499914536805 0.9920680577825896
5.1243689754465365 0.4004244401483650
-2.8467557178540588 -0.9568495388798944
-6.0632244608542365 0.9759059930742342
-1.1518724512366614 0.4067776198208311
1.3568648534531960 0.2123033813830750
6.2768987304184716 0.9999802395413930
6.8469677522828718 0.8452398723849954
5.9087964319845288 0.9307312863662983
-7.6956235085684117 0.1576970892063439
4.9058362973179879 0.1922430459018075
-5.9633777924801610 0.9492959499361714
6.5283958310886785 0.9700862395689467
-7.0793063814817838 0.6994840320043503
-6.0546318837475521 0.9739951630948573
-6.1997230341405114 0.9965190458732306
6.3598691168818906 0.9970612371816593
-1.9376876221238692 -0.3587153589265656
3.8468948357301471 -0.7614156927424954
-7.6711843949294423 0.1817809154164569
1.3744656666099182 0.1950718041036448
-3.7972116373640059 -0.7926707165136562
-0.7086193237696019 0.7592611242784589
-3.3347798963755260 -0.9813973091369421
0.7701107373661866 0.7178335770264811
1.9063078808906724 -0.3292522437974122
1.4488598526377867 0.1216345298973772
-0.4740600480318431 0.8897222048840627
-3.2138292501998613 -0.9973920713926857
4.7328020357286924 0.0204116377112439
2.8473865217451522 -0.9570326499041897
6.4925527759138610 0.9781625764666333
-1.7536935942295617 -0.1818792763290850
2.3299219109034137 -0.6882873736890719
-1.4604469389160233 0.1101255703424454
6.8293466035751127 0.8545246772397195
5.7592241186060935 0.8658441404275503
2.5220284546318297 -0.8141315950960067
5.7648193134742467 0.8686299260611025
7.4701054447815025 0.3745173537158534
2.0664553103652743 -0.4756114330077458
-1.6365792809066217 -0.0657355195493522
-2.8521346650633284 -0.9583987241372658
3.5963904870956327 -0.8983498543767096
7.5273768377705483 0.3208291603234605
5.8868138160507613 0.9224679354387632
1.9351651588847716 -0.3563596344744591
5.4539716900475117 0.6754558479284990
5.9051431538607631 0.9293890606614040
-2.0653234313223177 -0.4746154649518746
-1.9570124642998987 -0.3766859730790699
-5.0544797308397289 0.3354574265753895
5.4143329647307592 0.6457033102673656
6.0445837307502295 0.9716694339307631
-1.6594404516768915 -0.0885280794661389
-3.2891350543173665 -0.9891353506265874
1.5000110523607511 0.0707261769889434
7.2634124864014300 0.5568338606473908
-5.1127692772330562 0.3897685907334314
-0.8979078938325014 0.6232474097695898
1.7823176020148601 -0.2099475122500787
-4.7716714753257037 0.0592477771684715
1.3423099738712949 0.2265034756430399
-1.2228622927864006 0.3409563649773202
-4.6103964567155096 -0.1018157865084455
1.5338683706614535 0.0369195637570882
-2.4693573208681432 -0.7824315984754441
2.3586468015046709 -0.7088386991978365
6.5617068829017136 0.9614629587544269
0.9307695302458932 0.5972169345462615
6.6790782796985582 0.9226525732724349
4.2087249691396611 -0.4826377856496568
0.3316059149197006 0.9455207383144285
2.1585055688443227 -0.5544560808388361
1.4336490598331846 0.1367177287817044
2.0894835080768406 -0.4957404207233724
-0.7066694366206434 0.7605286395455971
-4.2932653509632068 -0.4069600922939601
-2.3672015332436587 -0.7148469444811334
-2.9009126804343257 -0.9711761189039302
1.0867380261070050 0.4653750550645787
-1.8567589147142307 -0.2820810796093416
6.9706133997005679 0.7728805771496804
-1.8955157099793905 -0.3190428465593201
-2.3679962755783119 -0.7154024668426556
3.8316096099694459 -0.7712352215201086
-2.4298590265688702 -0.7572307003041018
-6.0821397992980124 0.9798583318790725
-3.1034313876355011 -0.9992719472510063
-7.4535210641979610 0.3898425138472355
2.9340817831908677 -0.9785467680718153
7.4493835268191670 0.3936493478832385
-7.3129239829439445 0.5150428603918907
7.9670440479273434 -0.1128216863314090
4.4137508883971588 -0.2942188525799742
-5.7444958759007037 0.8583817551240154
-4.6084954994088534 -0.1037066799512472
1.1642952829624011 0.3953979289492317
-2.9987352246349896 -0.9898132197143555
3.1647066165076012 -0.9997328842517682
1.2136644552952909 0.3495885156705759
-2.0765523122920815 -0.4844689212197383
1.2854909503206731 0.2814504962730357
5.2962173224323088 0.5512221781335550
-2.9512031221455803 -0.9819305941389375
-4.4232708100146816 -0.2851071061905894
-3.5001805872018448 -0.9363933250598583
3.0759918401109605 -0.9978490381841846
-0.1651765025438987 0.9863893490272186
0.4575392519575470 0.8971422279347513
-5.6189625536016301 0.7873961543903170
5.3190580336199336 0.5701340831974910
-3.4992103388254456 -0.9367333951869152
-0.6398225997757478 0.8022016878676437
-0.1898717082039685 0.9820284560827387
1.4290099335182536 0.1413118062464680
-2.2864652209926781 -0.6561223474793213
-4.5138130469544411 -0.1972734497699091
-0.7356642511214897 0.7413851515060764
0.6695554686527938 0.7840976361644103
-0.1166117743701882 0.9932085482944134
-1.5678280798352446 0.0029682426010355
-4.6153537750716769 -0.0968829991378880
1.7496694856883384 -0.1779208244817239
-3.8317858101618292 -0.7711230492703932
6.2043027649385554 0.9968903852198823
1.0332953571254109 0.5119909484466320
-0.8245808297117243 0.6788648066079657
-1.6783872304082514 -0.1073834485468155
5.3362302124636241 0.5841571622850943
-2.1196867451098367 -0.5217409617702399
3.8245150918738311 -0.7757317920764103
3.9215343813852552 -0.7109545184474105
-7.5283930567250916 0.3198664961747536
5.3909045074549748 0.6276380459676875
3.5745137993258496 -0.9077441328981177
0.4749715430302928 0.8893057357294294
7.0132891439075955 0.7451051527668278
4.5800880127050423 -0.1319153493055036
3.6111577727158384 -0.8917651554653999
-1.0156983337648988 0.5270265819924848
2.3834615772229313 -0.7261222856808909
-5.9953689759203073 0.9588660153032128
2.8540724902126033 -0.9589500431842805
0.0402753797000752 0.9991890565236030
0.1649996531371887 0.9864184123193136
-2.7734220782621612 -0.9329873332765266
3.4225582983298271 -0.9607881288962958
-4.0506179036963985 -0.6145150264816847
-6.5359779843987091 0.9682177249139570
0.5687760786904619 0.8425608115843771
5.2319997769493369 0.4965423420127374
-7.3526378782854085 0.4806043619651499
0.3333572547113146 0.9449491190963555
-6.9760746057059109 0.7694036524170844
4.3291126241772755 -0.3739611092898654
3.0086234285893028 -0.9911726103942742
4.9453212277152598 0.2308315700483629
-1.4035783638760115 0.1664397645233849
-6.2991597275937021 0.9998724116594397
-2.4241005126051771 -0.7534570070156988
-4.6088817118620646 -0.1033225422596401
7.8535048029194598 0.0004768310369539
-1.9556369031349234 -0.3754113783773456
-4.6796096210847384 -0.0327734894527070
-4.2424386014716724 -0.4528420442339469
7.7510958742655198 0.1027043399054570
7.8048799134179170 0.0490819923990514
0.4099203363410187 0.9171525745839814
-3.5470801123212397 -0.9189102200915623
0.9862278123663035 0.5518395962014383
6.0510984310948697 0.9731885143259633
-7.2794585214156129 0.5434345285891978
-3.1278780827079711 -0.9999059567468231
6.7152240480899863 0.9081139696630979
-3.5790534436777541 -0.9058302950384033
1.9988701665758608 -0.4151192165298110
5.0257898572530504 0.3082956352621641
-3.3125312407885144 -0.9854255404223790
6.8008219002381107 0.8689910848669129
3.9415166641253947 -0.6967612188407123
4.3538014374236429 -0.3509519682586622
7.0747737588256268 0.7027160663383604
5.6132452394439323 0.7838588815694619
0.2857746760134141 0.9594435587882102
-4.6112825184768536 -0.1009342895182879
-3.4654680131275573 -0.9480092346177196
5.6970684122588136 0.8330948173210925
-6.2664998270365206 0.9998608006057297
6.3936887469043562 0.9939007052416148
-0.9221397821144581 0.6041163569018051
-6.2710858515905450 0.9999268024802215
-3.6862570763562754 -0.8553012119370518
7.7620087972822081 0.0918432251115047
7.9629599164621805 -0.1087627013629755
3.4465811040007956 -0.9538504207668613
2.9594965449748667 -0.9834662662896161
2.2612025213530895 -0.6368504056352596
4.8600241816827250 0.1470994722420908
7.1751922165026869 0.6278512475494645
5.9701439252889426 0.9514013669624306
1.2245055955195792 0.3394110707139990
0.5582564582668983 0.8481799680472192
-6.1889948662482102 0.9955673590126268
-0.2192389101021064 0.9760632590280115
-6.5892884018799318 0.9535151204958102
-2.9974754322778523 -0.9896330751332952
2.0483620023717073 -0.4596185760341899
6.2201880465882020 0.9980163287514001
-4.7541054096849553 0.0417043307775409
-1.8000900996712144 -0.2272898371221157
-6.8112086460615817 0.8638046523887797
3.2119111554569777 -0.9975286727286812
0.5964781050801520 0.8273191036367452
-7.6582667813743992 0.1944677898713491
4.5341464584093671 -0.1773002141592963
-6.9326538799306938 0.7964052986676167
-0.6918979872405533 0.7700364871216994
-1.6889073336182108 -0.1178365860811867
-4.3018805376733198 -0.3990755798390958
4.6723959631319030 -0.0399823570238992
-2.8216303445677262 -0.9492472737294863
4.1619491265065349 -0.5230621645732946
-0.0667875686083370 0.9977705392484325
2.8770455444390706 -0.9652110182130431
7.0092755046657054 0.7477760287096510
-2.5583822086652024 -0.8346989415826837
-0.9120267810476594 0.6121443387830068
2.7120049105090835 -0.9091375303007838
7.2352803724479600 0.5799776555478363
6.8461430399571590 0.8456803005067967
-6.0756662909513324 0.9785450897964030
7.2522268975988844 0.5660898497823530
-4.9513880783849071 0.2367302934021608
7.8260197973510266 0.0279581930388948
-7.9715470685934431 -0.1172947973683139
2.6546420165153481 -0.8837638632879621
-5.7011790671307896 0.8353614997028991
-6.2312367887049209 0.9986509791328533
-6.8734112816477229 0.8308149344992205
-0.4482617899575221 0.9012018031380191
6.9303222483886806 0.7978132176517014
-0.4479242424621788 0.9013480447816710
-5.3735492631468169 0.6140330534300871
5.5735427115336620 0.7585947957776793
-2.7896627453054190 -0.9387092025709797
4.4300613964923965 -0.2785918351037986
-4.1590421662466195 -0.5255375373773564
-2.6878146160578940 -0.8987973638604042
-3.0218511541854021 -0.9928395483594011
-2.5618728985890726 -0.8366161980342061
-3.7032399600725672 -0.8463789353783945
-7.3009210141794227 0.5252940301784279
-6.4903783604266945 0.9786121968689098
2.0172312614072840 -0.4317526239773739
-0.4965081215999128 0.8792513039000881
6.1856834688451183 0.9952504602178152
0.7658802099571673 0.7207725001009468
-6.0512387767563105 0.9732207854992253
7.1679907425326217 0.6334400659970026
7.6407760343503917 0.2115939989568608
5.3808248981293936 0.6197592664020894
-6.6030916400379169 0.9492648784689212
-0.3848926564944346 0.9268387411678159
-7.6017125170983526 0.2496018959676297
0.5092025819675676 0.8731335114657646
6.9254072183315092 0.8007668638369431
5.7827887788458465 0.8773923870921563
-1.5286523001203953 0.0421315523147080
-2.1225507994291437 -0.5241821546463123
-0.9308917851288179 0.5971188719169053
4.1486422727147190 -0.5343568793734420
-7.1010634814798870 0.6837710344066954
-4.5268885183553866 -0.1844384327423425
1.6908845383967126 -0.1197997840631137
-3.8310266023532584 -0.7716062040779544
0.1031502680479939 0.9946847264751365
7.2321652373400394 0.5825125273104871
-6.9988879831202890 0.7546323682494961
-0.7694347963290955 0.7183040131121714
-5.6239064455886165 0.7904341681562147
-4.7855856945737401 0.0731313699711219
5.5903815877598255 0.7694583143563074
-3.7427506369573145 -0.8246812151063018
-3.4540602508296914 -0.9515779094050605
-6.3881844397600887 0.9944926536599049
-2.8681057639847811 -0.9628349762269773
5.8416900764155564 0.9041137742822339
0.3650517575231884 0.9341052851021107
5.7828506188813158 0.8774220546239488
4.9992738579677116 0.2829657955177897
4.1823598298937341 -0.5055584922397602
-6.6600604250557041 0.9298191822848541
4.1403680735680108 -0.5413323490499025
-5.2167071776426628 0.4832106315636293
-2.2134351181505423 -0.5993099230579887
2.6166391683143999 -0.8653472544716986
-3.0595282537960529 -0.9966346064847120
4.2267620985636842 -0.4667628544499761
-7.4025123943806381 0.4362880366978446
-4.0524231017475287 -0.6130898960049522
7.6588956936537489 0.1938508457981403
-7.2697932061975656 0.5515225829806428
2.8144551568221114 -0.9469660405805901
4.3623050548656135 -0.3429766435902916
-4.3277102709220951 -0.3752613458020885
-2.1588506873269715 -0.5547432598964417
-6.8753839475263643 0.8297154339024767
6.1006192356549178 0.9833810514344999
5.1375954672374498 0.4125088904727745
1.9896545898320319 -0.4067176801217779
5.2696542865417548 0.5288672312232022
2.9211272157917101 -0.9757957713135557
5.9054652208717737 0.9295078878994729
7.3467403991390583 0.4857676950868038
4.0938571431163790 -0.5798396287373220
-4.4945762729584064 -0.2160945295070957
5.8125548146634554 0.8912825695921875
-4.6127084128865778 -0.0995155748889723
1.3622899237815780 0.2069988838426535
7.3414654299310396 0.4903717024314016
4.7698904272575913 0.0574697648233021
5.3163573747501847 0.5679132759699163
-3.0026511860531553 -0.9903631523379497
7.8844186609714093 -0.0304323276736581
-4.8944371624370469 0.1810442874919670
-3.4266319931192335 -0.9596505913129860
-0.2761315733331333 0.9621173062487037
2.8044429975048946 -0.9437013874611767
-3.1662915610385038 -0.9996949974911032
-2.2938503165947104 -0.6616776004408328
-1.1763784311136050 0.3842708433570710
-1.6324504190531197 -0.0616150394804133
0.7623888739273230 0.7231881976114052
-1.3360970239380894 0.2325505427059827
6.3304907258273673 0.9988813073244082
-6.3573698905583491 0.9972495855166399
5.6261041036327395 0.7917784271325320
6.8031266082834527 0.8678483444981735
0.2905401746955221 0.9580892715617144
0.2186427331768890 0.9761927461809529
-4.7485771014905005 0.0361802230823850
4.1045264185393808 -0.5711142058750917
-5.8957666023330582 0.9258873559088644
0.6753388236411180 0.7804951763391712
4.0738238631764858 -0.5960439135776195
-5.3977509816049967 0.6329533106960594
-2.4590334512592431 -0.7759609655737028
5.6875447742304637 0.8277893046512167
-2.7068392018281298 -0.9069739127278412
0.2660768958832058 0.9648098923120809
-3.2821148426179168 -0.9901429933258017
1.4026676233873427 0.1673377325103653
-0.1140452156728120 0.9935038898414242
3.5574392955202185 -0.9147746350555827
3.2348721957594115 -0.9956526171194930
-7.5418165250212326 0.3071198257602384
-0.2615696289451321 0.9659852667605535
-3.9865605847642129 -0.6637552687007291
1.7080326443388252 -0.1368059426408205
7.7508991683071287 0.1029000036802212
6.7485563947525122 0.8936550999392169
-7.0371696281687921 0.7289672007362736
6.7179864107455209 0.9069538413870989
-3.9641582176276486 -0.6803431626689324
2.7589345928632998 -0.9276754269660132
-2.6220224220322983 -0.8680326429305324
-7.7116608827164210 0.1418407818188527
-2.6049447588365560 -0.8594272972271131
3.8289032763190622 -0.7729551124501733
-1.7764749643998385 -0.2042315405790801
2.0781502449738074 -0.4858661871554095
6.3080932212249650 0.9996898139461787
-6.0266069179903905 0.9672639490523294
3.4642070047788867 -0.9484097876269340
-3.1476003001988051 -0.9999819541453865
-7.7510252624949132 0.1027745780197947
-7.2095106400869096 0.6007756257506781
7.8452336858746463 0.0087478365251488
2.8839235156936045 -0.9669865717503248
5.8630496298026227 0.9130336080395465
4.8441756076095057 0.1314054862531951
-7.6327227168644622 0.2194580238199169
1.4755096929141533 0.0951425061518009
5.1107029790438308 0.3878648794932054
2.4746005994293103 -0.7856860093763255
1.9850530639713764 -0.4025096471389902
1.1719458062441515 0.3883593445879023
-7.9198947994796391 -0.0658654487485276
-2.9182448458326888 -0.9751613910355506
1.0836227026067302 0.4681302074691209
-6.4509680329548509 0.9859574675473967
3.9162054753718909 -0.7146918953239066
5.1084371730509339 0.3857754554649438
5.5748455987589605 0.7594430643766298
5.3506683204507279 0.5958144239603427
5.2220491194268117 0.4878806069106950
-1.5430829807966351 0.0277097986897267
-5.6576315329737419 0.8106389833967615
4.2585578332715297 -0.4384120788485807
-2.0047693765560020 -0.4204788689084292
1.7040643614189204 -0.1328739032032109
-7.5926167100016180 0.2583993608581389
5.9117636314518425 0.9318123037047277
0.2311498197910531 0.9734036183595935
2.5553017036945516 -0.8329985296382471
0.4305224249195359 0.9087478419483688
-2.0189979279134089 -0.4333454685314645
-0.4686527357562777 0.8921776363574939
0.0296311447170332 0.9995610297509525
7.9091877554513363 -0.0551780836545334
4.3488689851858489 -0.3555663963968894
0.1359622811500163 0.9907713587254235
-0.8282606227884042 0.6761582795392176
-6.7242415366599122 0.9043012688039755
-0.1626042722574645 0.9868090280577058
-0.7159622466226647 0.7544620260865337
-6.7447079671549233 0.8953754770274318
4.9086211718700348 0.1949752261442177
0.6146198231546904 0.8169927341404729
-2.9593103673503922 -0.9834325340745700
1.1573207526162772 0.4017944354961844
1.2054359478633963 0.3572859098135293
1.5545243685062911 0.0162712402257415
4.8835616909146928 0.1703380381024428
2.5502425224039467 -0.8301887616190025
-7.4019345345101950 0.4368079262181537
6.6084640664756140 0.9475616793041811
-1.7505835688788771 -0.1788202488416667
6.5825198395850393 0.9555329366981599
-6.3757577421591876 0.9957182312253112
4.9728152272279935 0.2574924492032459
-2.2902722569248901 -0.6589905827090237
4.5751152333647340 -0.1368430201040963
3.0188200955589224 -0.9924729113411048
-7.4617045156298936 0.3822935550013239
3.8613771456880563 -0.7519478142885860
7.1426963850689962 0.6528079161537353
-5.3335824922619306 0.5820061200776435
7.4733842711264700 0.3714751529514786
2.6334552219319676 -0.8736522567603427
-0.8501703804160563 0.6598551328381129
-2.1953808579129621 -0.5847602925115000
4.8445865624628777 0.1318128664875420
-3.1157410356616246 -0.9996658655345465
2.5344544406943630 -0.8212840839328565
-3.2923127374460019 -0.9886632136094912
0.8115017435597149 0.6884099622711749
7.2531271101373598 0.5653475361117132
-1.4910737104325946 0.0796381944149751
2.6518640601527643 -0.8824605570663164
4.3974711550810177 -0.3097383387779380
-5.1832589249406631 0.4536617288868718
7.3540688115130308 0.4793490312948832
-0.3507762444257896 0.9391062573504165
-3.2921857152069727 -0.9886822780344184
6.6478222030160836 0.9342533093572071
-2.1563633091443641 -0.5526719935846518
-7.3162170550774484 0.5122173685675776
4.7047746076708012 -0.0076142991355658
6.7333520945501419 0.9003745430709656
-0.2642929912490022 0.9652774318042311
-7.7519971025983434 0.1018078357459437
0.3571495482138882 0.9368971609220409
0.0644723560097713 0.9979223774733501
-5.4770732989487048 0.6923092370413867
5.2003425840196478 0.4688193012481393
-0.5884575207052016 0.8317978656136968
-2.4465618406517216 -0.7680339692705721
7.9697411420979645 -0.1155011466336755
-0.7744097216931483 0.7148339367898652
-6.8906399057717174 0.8211035386340145
-7.4405833736107496 0.4017236357241988
4.6836008043574946 -0.0287841997815914
-5.7839551476791797 0.8779513829985049
-1.0064978723692377 0.5348231669082437
6.7211174518543721 0.9056305094133436
3.7092509070921480 -0.8431623470700476
-2.7437219653016047 -0.9218880983834519
-6.1255336700283518 0.9875986978060463
-2.1116122842923950 -0.5148356742522553
-1.7179704718282025 -0.1466434158653735
-3.9522578824393797 -0.6890164637018410
4.4671809082191256 -0.2427581781105974
7.4066416073704797 0.4325688328095726
-0.4062382641007130 0.9186137933756466
1.9911305665181462 -0.4080656208718776
-5.9811876256083742 0.9547442280023435
-1.7536031785266566 -0.1817903679383409
2.4738781348944503 -0.7852388693932458
-4.9908415199198277 0.2748681229771002
0.4172141890881083 0.9142213392408334
-6.0342906911351992 0.9691853060778303
2.3701593220221664 -0.7169121398878818
7.3005627579211971 0.5255988441581854
-7.0281940275733881 0.7350819901722179
1.7115577202105445 -0.1402970180630154
3.9194415824361233 -0.7124246961813301
3.9307855013342827 -0.7044184495602638
-3.0674363091437158 -0.9972516780915130
-7.0671540613537225 0.7081168034132908
-5.7129788829874233 0.8417895641162356
0.8492617943352307 0.6605375654574069
5.5716791091638100 0.7573792254071774
-6.8534289865964890 0.8417694529446967
-5.1537895933184750 0.4272062537468631
-0.3466234858607109 0.9405251551250582
-2.0496703155213893 -0.4607801167247479
6.5319683692852717 0.9692127794401078
-6.6631652847058671 0.9286720621357099
-0.2500216531656267 0.9689070644045971
7.2957317543200553 0.5297025867796257
5.4540891042573207 0.6755424245614171
2.4839843761798921 -0.7914563760147471
-7.3905423797012766 0.4470272276604183
7.9765351732887737 -0.1222469901217269
7.8166841233248849 0.0372888637964757
2.2104759628047201 -0.5969384481232827
2.1291542672694614 -0.5297942390862747
1.9813440163922458 -0.3991115657092782
-2.4992801409861212 -0.8007125924415530
-6.2790335796562537 0.9999913815916656
7.8012577331772732 0.0526994771235048
4.5514853113891434 -0.1602102681293435
1.8399551669893519 -0.2659206570817702
-5.3055697819439409 0.5590012613751070
-6.8278495774850345 0.8553012909318451
-7.4613451122218670 0.3826256337625002
-5.3153312979384264 0.5670684252397925
0.0386420827726024 0.9992534876181146
2.8563223029462073 -0.9595856064898397
-7.2818855808157608 0.5413955312203604
2.7089612639939702 -0.9078656545148897
-1.6371118414945656 -0.0662669189051164
-5.9260951082473259 0.9369179080821676
-6.7002397193444825 0.9142860716059846
-7.1044840566089551 0.6812710569571626
2.4330873853896353 -0.7593353451187851
3.9610556012722604 -0.6826137724461583
-2.0175583483454815 -0.4320476306967466
-6.3275232872235563 0.9990172327769122
5.1502947877315037 0.4240438081560094
-4.3655272143483099 -0.3399481524270785
-3.3888305331592541 -0.9695920843082597
-1.6759654476179442 -0.1049753567299679
-4.5169778806589438 -0.1941698270053964
-3.4962228869922765 -0.9377749520221504
3.5022684691829262 -0.9356585375516177
3.8274794554191942 -0.7738576870731313
0.3704159864957699 0.9321768378068315
-3.5291907586258429 -0.9258195636740424
2.7174066654092961 -0.9113740650726746
2.2625440231448852 -0.6378841132482654
7.3452739424730158 0.4870489844096642
-3.6912138803456305 -0.8527224408366640
3.2314048877989592 -0.9959695915721133
2.6766481117979701 -0.8938464329572571
-4.1579793081122052 -0.5264414886205266
-6.7039845827511435 0.9127627357183208
6.0488201214861004 0.9726619574247066
6.2895958575078339 0.9999794524926116
-2.5418112764955065 -0.8254590389630576
4.2187303610250666 -0.4738508512707724
-5.7563677748675985 0.8644115420278945
-6.5182491597846592 0.9724994717189094
-4.2543321053650391 -0.4422061279546849
7.1270317688979841 0.6645936540098130
-6.6013220981581870 0.9498198733392830
-5.5862925971754738 0.7668402628692289
-0.0952968194940649 0.9954626934465806
-4.1474106482385924 -0.5353975154630952
-2.5785268598472371 -0.8456226245318376
-7.0965755624144045 0.6870389567859263
-1.3279629802829440 0.2404538056876500
-7.4962318656032654 0.3501673585410841
1.0251575791389520 0.5189641952629794
-7.9033542828770056 -0.0493525924046777
7.7207415714926455 0.1328461790394108
-2.5065302320379121 -0.8050346678440390
1.1288952038379687 0.4276587384575857
-3.0103722310526813 -0.9914029468933253
3.6227075231747552 -0.8864795480900513
-7.0114056858591187 0.7463599971361201
3.5004945419584370 -0.9362830957580367
7.3271872358981831 0.5027649325380033
0.2389666027674000 0.9715830973939962
-7.2260847179594787 0.5874441066007640
1.8729772869852894 -0.2976030530272273
4.8781300204939164 0.1649832613905717
-5.7830698024609681 0.8775271801244970
-0.5791758483379486 0.8369140206288507
1.1694923652251195 0.3906190390408681
-1.7864275526491991 -0.2139640785151740
-7.5671626522769539 0.2829025921827690
-5.3256763981081630 0.5755588851484621
-6.2648636691685873 0.9998321634853565
-4.4076561818783979 -0.3000382951618378
-1.6278672388323479 -0.0570399362424506
-4.4637053153445834 -0.2461283319860202
-6.7431030491870434 0.8960890127740415
3.4268871939052747 -0.9595787988269522
0.9659660109824593 0.5686225024712599
-2.9304381991192745 -0.9777896055716293
1.2629526367253963 0.3030044024898172
-7.6369943665202857 0.2152885191354947
-7.5886624473442570 0.2622172994258349
-1.2090270653931405 0.3539295271779808
-5.6912776793475430 0.8298778380575299
-6.8380964814167147 0.8499472430575366
3.3417078760112346 -0.9800436801741489
2.9398839211785646 -0.9797256744993821
2.5884090084941569 -0.8508561538191325
-1.8215160988609487 -0.2481012912033964
-5.9095620380264791 0.9310109986059126
-4.1972111843022333 -0.4926895758870389
-3.2588734130056096 -0.9931304912002031
1.1484406396675126 0.4099102715488170
-3.0181951592122047 -0.9923961851114673
5.1941417099109284 0.4633331276295908
-0.0907665606141475 0.9958835430444142
1.2634126253707247 0.3025660062579631
-2.1199126010987062 -0.5219336271001479
-6.5734155624013848 0.9581780081184325
3.0474279585147546 -0.9955697801121001
-1.4243717762524941 0.1459018837962707
7.5873469356099239 0.2634865526377585
6.3690490615057165 0.9963159720816454
2.5207853931350765 -0.8134091448157308
-2.7275240524718640 -0.9154914541573098
-4.5869298471055053 -0.1251302711968501
0.3242262413179109 0.9478975106550721
4.4279189206479082 -0.2806488484906261
-7.0459566766317394 0.7229239737914032
6.4844183213073183 0.9798208708024979
3.0459790658276695 -0.9954325021649251
-0.4094887051866145 0.9173245098117362
1.5343111649474128 0.0364770677454461
-6.0214443146772609 0.9659409384571136
-4.6252458638870024 -0.0870328653520930
6.7824060525267473 0.8779558899835650
2.1045743627173419 -0.5087894416819813
-4.5426685660674213 -0.1689067870683039
6.8855335271318960 0.8240074359005098
-6.8558854224810872 0.8404408391914999
-2.8840178274777344 -0.9670106006702517
1.9570638606315569 -0.3767335831116056
-7.2756481455232382 0.5466292017684193
6.9759134705315127 0.7695065695964500
0.7073269876090471 0.7601015244180477
0.4249523781724918 0.9110583673901280
7.1148828691275536 0.6736221040570105
2.3808636896850377 -0.7243336193339784
5.5729709022460678 0.7582221021844892
4.4374212988132893 -0.2715158327442737
3.6269646584901025 -0.8845014561042073
1.1093904351400354 0.4452074205405160
-2.2182146668729459 -0.6031291736089239
-2.8002536784930978 -0.9423072896395716
-1.7428555302899085 -0.1712115085359045
6.6211575689133984 0.9434289514308424
3.6513392103355287 -0.8728682048448249
4.7087381858243358 -0.0036507864505447
-3.5391997495943475 -0.9219901968292641
-3.8036392645624471 -0.7887357662099249
1.1164008755413946 0.4389191909531563
-2.5785275280491149 -0.8456229812052537
-0.9572381644549406 0.5757802682597366
3.4486424754615737 -0.9532294015583885
3.8563242905341308 -0.7552691575123036
3.7257375773606789 -0.8341839536085507
-6.7189827811925387 0.9065336901223817
-4.0545119731722430 -0.6114383237351216
0.6021035740084404 0.8241460224904487
5.6207441359264028 0.7884931558441264
-6.5183772876984651 0.9724696220939949
1.3059762215604938 0.2617356488232648
-1.5906392399989038 -0.0198416110675520
-6.7179943628784429 0.9069504916813145
-0.2696929616015016 0.9638527477291707
4.8118851299228247 0.0993320706876877
5.0450932423353940 0.3266001867221076
2.1974050609816373 -0.5864011393490410
1.1856883834179222 0.3756591763119395
4.4166188876442707 -0.2914765902240461
-3.2954519731145311 -0.9881869863245881
3.3055400129916759 -0.9865907074848753
-7.0584257545454019 0.7142527685183139
-4.0044304203215475 -0.6502842636259548
-0.3664268077942641 0.9336135124666605
-1.7068528685704152 -0.1356371643441408
-7.2502886882374504 0.5676865358580990
-4.6506049533869849 -0.0617447268218978