-5.6141639538301735 0.7844290162878331
-6.0658911581998165 0.9764843728805810
3.1453008289626698 -0.9999931247255803
-0.0570102795095746 0.9983753541181805
3.6392454071489606 -0.8787054731978108
-4.8697218995778044 0.1566846281559405
6.2506069146386523 0.9994693711042036
-6.2396648055851358 0.9990531324345896
3.5962989698820849 -0.8983900523608618
-6.3267144925313694 0.9990527545947346
7.2795311954645037 0.5433735208108250
-3.1558004754300573 -0.9998990705971142
-2.2496834561156316 -0.6279272969432783
5.3685280804494830 0.6100622088734123
6.1793232054671030 0.9946111787800530
-5.2737053635980207 0.5323010497674595
-4.9472878571949810 0.2327446405698368
0.8971296768233366 0.6238558059225334
-5.5661571470041071 0.7537619919758013
4.5900457802494525 -0.1220382258448937
0.0117584862870892 0.9999308697966306
7.7147488293057886 0.1387833845627356
-3.6334242262039265 -0.8814693936416054
7.8538507739018701 0.0001308600722395
-7.9576542852986059 -0.1034870385026899
0.9048653957459631 0.6177914305087122
2.4502157568929626 -0.7703688382492819
-6.5487829206730801 0.9649358080404562
-5.3775901814332592 0.6172174487194716
6.0714894666914496 0.9776759938083079
-6.1017132550806856 0.9835790860603286
7.3104898373954459 0.5171277954712606
5.5464654110565448 0.7406763165385477
-3.3577768106675432 -0.9767230724269227
2.1450705083233856 -0.5432255462134121
5.5939317520429857 0.7717209400016238
7.4643635987990340 0.3798351046707796
7.4485128749772809 0.3944495545831689
6.2138191237579381 0.9975951308166805
-4.7319326632628478 0.0195424387655920
-3.1290113718312735 -0.9999208567186216
-3.0745722494481704 -0.9977549732418012
-3.7256683418207270 -0.8342221340604477
-1.9172763490128428 -0.3395891189138739
3.3745907503366563 -0.9729785214197909
0.3202705631275080 0.9491502732269224
4.7207653508924530 0.0083762725554124
-3.7158501305285672 -0.8395958809167881
-6.5746352648383084 0.9578282497442915
7.4534554730744418 0.3899029146635707
-4.2969085864076781 -0.4036295002135912
-5.7908870327806294 0.8812489018632318
1.3625059799412309 0.2067875023750002
2.7475551343168512 -0.9233665072535375
7.3394736043680329 0.4921066311949853
-1.5028119955303278 0.0679319742498338
3.6612604757473246 -0.8679841843682657
7.6475673629916532 0.2049516134003579
6.6886626960264461 0.9189141922794976
-4.1160247689802549 -0.5616380022012909
-5.0971109942399568 0.3753014851166665
0.2692870230713549 0.9639608247505227
-2.1780706682158950 -0.5706312542387647
-1.4681811681591341 0.1024351660333951
4.1219207663521527 -0.5567500200007801
4.4379804960095619 -0.2709775999412662
-2.5417654917762107 -0.8254331943626270
6.2452819537875293 0.9992817538968677
-4.8069725456692627 0.0944426034549403
-3.9727869568947174 -0.6739939650974881
1.1457985812704905 0.4123187278277884
4.0906657838625478 -0.5824367697046811
-5.3092211278646548 0.5620251030874156
-5.7630097102913300 0.8677319156927722
-1.3815671499263971 0.1881018873648187
1.8543524166590419 -0.2797714935002932
0.7545748181037197 0.7285628496812132
3.1296833775458417 -0.9999290854102171
5.0862696063540191 0.3652307137668657
0.9802809956364733 0.5567891586412320
-4.5112003882954337 -0.1998340895669955
4.9407227523473161 0.2263548575707391
-4.2487462135063776 -0.4472092645686945
7.4534247540200536 0.3899312023042187
6.2657456322946867 0.9998479327241870
-3.8484400058778068 -0.7604131060857870
-6.1190743870889346 0.9865639989110333
7.4935040664899617 0.3527211469782409
-7.3682740734559218 0.4668342037604801
1.2903014363916387 0.2768312318160882
-3.3642564632597889 -0.9753126654133576
0.6938424155755065 0.7687944872404096
-5.1135929262368123 0.3905269673759326
-5.2138518833743319 0.4807088432940887
1.9724140058489219 -0.3909078132047773
7.7032957901873775 0.1501162397746270
2.8193220357273869 -0.9485187112566722
-2.4020923685729691 -0.7388054182846193
-6.1782205439635902 0.9944962551986701
-5.1313379465565259 0.4068005406510907
6.4048883287086245 0.9926033237737892
2.6224154831128139 -0.8682277335005479
2.4120497770543636 -0.7454791662357095
6.9462616710731915 0.7881023256803769
5.5073293741648275 0.7138218623391871
-5.5202450314336158 0.7228072614619594
7.1391422080740128 0.6554961598281596
5.9683899564908458 0.9508597627307508
1.3493615362409326 0.2196296064160654
-1.4526695863921546 0.1178522100301802
4.5943617406417694 -0.1177534021927188
1.1717863539868780 0.3885062761831509
4.5192788406124880 -0.1919121470683758
6.6507558843540906 0.9332031101852675
-4.8275890253955183 0.1149454097667566
-6.2193243563499365 0.9979615823806528
-5.1450434107609961 0.4192821172576508
7.5751153244174461 0.2752659318383472
-3.4187809389541197 -0.9618286715843336
7.7266823177012345 0.1269557780490564
-7.1342021896919139 0.6592188408830325
3.8252444043880516 -0.7752713438562145
-6.7409179399037420 0.8970567867914451
7.6965626403958467 0.1567696388291868
-6.6612968805780728 0.9293634353611349
2.9752930750284179 -0.9862040636153704
-0.2053007614749323 0.9789997150794805
0.7189099587237937 0.7525240388639309
-5.7753250836735024 0.8737870990541649
7.2163960290735041 0.5952571265611410
4.1264044726554356 -0.5530199105790485
-2.9575623051613533 -0.9831141525574255
-2.2929963202686174 -0.6610370426341013
1.1414688071017771 0.4162594466483088
-1.8991053391303740 -0.3224428199336701
-0.5904957947566345 0.8306647361057323
1.9811042633241005 -0.3988917240839525
-5.1013282611601642 0.3792071326066266
0.9655939292886959 0.5689285369815709
4.6029911701943522 -0.1091797307353162
-2.9821715914429330 -0.9873193532669731
7.5075155757521408 0.3395759847111913
6.5796853234759833 0.9563649515457660
-7.5436375606787109 0.3053862909296416
-6.9163765298576703 0.8061433049579828
2.9693928351864596 -0.9852102120442948
-7.3121213977165969 0.5157306419425395
0.5312767696200922 0.8621609178297798
2.0267171103334469 -0.4402892313596840
-5.1142748864708203 0.3911546833027048
-6.4752912731494963 0.9816043273662443
-7.2817538291065596 0.5415062991460065
7.7716575426054835 0.0822311343003175
-3.9412732141113356 -0.6969358256522872
0.3365523468248224 0.9438988081500439
3.3145749825106439 -0.9850758272119408
-2.5663708329030452 -0.8390716479689125
-6.9567534709285912 0.7816009011729455
-7.1456548539890701 0.6505639528864597
3.4441357226507190 -0.9545818724666891
-6.6952447399643429 0.9162979694037261
-5.9691101415392289 0.9510825011741008
-6.9597093540495969 0.7797536720202876
-5.4174177900135394 0.6480557710128055
-6.8711595760390445 0.8320660112608883
3.9133475414300563 -0.7166879255227185
4.7748116821994042 0.0623821703944536
5.7087155013200324 0.8394805224756161
-1.1553992867593408 0.4035532364129183
2.5804299912277209 -0.8466369483001939
-6.2052382349377257 0.9969636647650855
7.5852565935772738 0.2655024512736394
6.6224727118604712 0.9429920674874087
-2.0001242015999043 -0.4162597695323044
5.0417493192752652 0.3234378156473650
1.8033653360210433 -0.2304781264321591
1.5330633848179005 0.0377239887450432
-0.9612479065436101 0.5724972652563408
2.7929269667793317 -0.9398294095532052
4.2541587735959983 -0.4423615849064214
2.9981417239887378 -0.9897285475102148
-4.7008567304786180 -0.0115319942900940
-1.7956480800889132 -0.2229618496652759
7.3390909720818946 0.4924396899330649
-7.3381439227559770 0.4932637301070529
7.9907757247011748 -0.1363678603360278
4.7634380253177202 0.0510268754776202
-7.1568163000964180 0.6420470296545251
2.2777453316615297 -0.6495169823999732
0.2968219973771085 0.9562708272343851
-5.7891936699099773 0.8804472665938984
-7.4328972956277237 0.4087503104972916
-0.6336429669935146 0.8058759164069066
-7.3742167694341489 0.4615705988189343
-2.1088326762778760 -0.5124507614057131
7.9689700104813124 -0.1147351416684213
-4.3308906683527297 -0.3723114819426848
-5.9513214375046459 0.9454367266242045
5.2299797249545428 0.4947878997227927
-3.4327350037446980 -0.9579165927783463
5.5967987452806618 0.7735410626497224
4.0769341002643529 -0.5935436640844198
5.7085817348359509 0.8394078276249427
-0.3694656854172766 0.9325204289094471
3.5394163666066145 -0.9219062982280742
-4.4425163752783359 -0.2666086550338682
1.9062772982867120 -0.3292233662642266
-4.0683621984989706 -0.6004204555549216
4.2381337101337131 -0.4566760376697248
-0.4111726090333505 0.9166527794989781
7.7981106564919109 0.0558419145272612
-1.6641422289043302 -0.0932104002331849
-5.7275373876544968 0.8495588450469290
-1.7283251312931860 -0.1568780910129227
4.2068039907391039 -0.4843193255178125
-7.6588633781858810 0.1938825481731129
-0.4850450309261110 0.8846539544173836
7.5412867073297374 0.3076239946857890
-6.3446909751020311 0.9981091226102481
4.8136502459906012 0.1010883014384646
-0.8573065834668512 0.6544762848345491
7.4926161403394467 0.3535518656132935
0.6980877272644754 0.7660727080206612
0.0388111198271321 0.9992469430236686
-1.7838664835829903 -0.2114616209242958
4.0769554466204863 -0.5935264843635972
-5.9554525804370630 0.9467746054139382
-4.7589427658828836 0.0465369716666580
-7.3606325489217674 0.4735782510806330
5.6338771769336393 0.7965023181491596
-1.8660906797980576 -0.2910214751082122
3.1992455713346182 -0.9983385308216773
1.9977659226187665 -0.4141143589077424
2.0710681451788062 -0.4796640639637518
-6.1425593399063825 0.9901284527947237
5.9143457087347873 0.9327463369173747
-7.5613468161570410 0.2884760276427115
-4.7430289874098168 0.0306352130591754
-4.1470064353334219 -0.5357388700161857
1.8802833821733991 -0.3045701019499993
5.0109885129908598 0.2941819996923665
-2.7927033743902534 -0.9397529970439144
6.2504813787019149 0.9994652741931418
0.3771319902145667 0.9297246183003869
0.9269647682111923 0.6002643270684057
-7.5430785586726952 0.3059185408580577
1.4778680145437413 0.0927946202649767
5.6220507382248339 0.7892960998433232
-6.5103355450253080 0.9743121222046234
1.9045688205157276 -0.3276096528898392
-0.6190513356601812 0.8144292976861985
-1.1447122477937732 0.4133081772242886
-6.9352600876119848 0.7948264570814759
1.8907437593370293 -0.3145166612886678
-4.4492213922912001 -0.2601403824390628
-6.0852393418912225 0.9804725837774512
-4.7675419438656341 0.0551250065653510
1.7474246699409299 -0.1757113787714029
7.3143672678403249 0.5138051919172754
-7.0196228687010720 0.7408659769152880
4.3415060749795487 -0.3624384477672387
5.4508991503391790 0.6731869710662651
1.7342009949417303 -0.1626784580172444
6.0384762786936133 0.9702078608846425
0.0941680570334462 0.9955694639963267
-3.1153666386738212 -0.9996561177817846
3.2180317672227261 -0.9970799531733808
7.7984001412736195 0.0555528791151966
-2.1306397294147867 -0.5310535134776858
6.8847632220262689 0.8244436300711683
-3.0463627354850029 -0.9954690570630127
-1.8839716837349325 -0.3080810924367322
4.7941673229994350 0.0816872216224293
3.1925914489104965 -0.9986998432702262
4.0214610088344163 -0.6372526024084358
-3.6768559478590817 -0.8601343612338009
-5.6402673788960467 0.8003497722462140
6.8382798308340060 0.8498506278666867
-0.3804339988308474 0.9285035690721957
5.5277193693504483 0.7279521622264652
5.6144618229225536 0.7846137254385274
7.6541858606534348 0.1984691709110051
4.1394807228352697 -0.5420782280572812
4.8823345051927767 0.1691286588966702
-0.0442027102596292 0.9990232192610533
5.4332292659609163 0.6600161706183512
3.1666044256952297 -0.9996872219344528
6.8270243663848955 0.8557285670921346
7.5896635298135706 0.2612511147483023
-6.9620701533877458 0.7782734360483962
-0.8450161972964558 0.6637191672899820
-2.6093193636326895 -0.8616556182104500
-1.3477586899738245 0.2211930337201422
0.2021854117985242 0.9796300634771473
2.0134379892646983 -0.4283280246164548
-6.6035589953432119 0.9491178020078364
-5.5191392394612038 0.7220426625113698
1.9098833270484619 -0.3326262184976530
7.1836111330167114 0.6212763510861760
-0.2489711125946261 0.9691664596336483
-0.8926402376073028 0.6273581811373403
-1.1366712369086756 0.4206168104079648
5.8641129532562974 0.9134668047736503
1.6106680751502367 -0.0398611848010798
4.8553215192106070 0.1424463573172102
-7.1303755344882056 0.6620914650501437
-0.2787875695151545 0.9613897938719191
-6.4446434356163529 0.9869939275595867
6.2466066195367045 0.9993310743953792
-2.0886421744680543 -0.4950095717303969
7.7596590533196075 0.0941827821326543
-7.2662774441619575 0.5544518762946020
5.7227425120272883 0.8470198212880808
-7.1646097443877270 0.6360526290364513
7.1981959152115511 0.6097821678688847
5.8248670811169312 0.8967978503485764
-2.6420668061555190 -0.8778097840817169
-7.4666329383668550 0.3777348662928685
6.1110746683054522 0.9852254890429755
-7.5090498603418876 0.3381324703011310
5.7334754469565841 0.8526761385301977
-2.5815238442153028 -0.8472185584176660
2.8125175792316295 -0.9463416545280300
1.3269214804338070 0.2414646179428635
7.4566533775396113 0.3869561165776552
5.2484329218272059 0.5107388315235120
-1.9866744378321197 -0.4039933485780933
0.8932141952357995 0.6269111193244170
5.3587203386260231 0.6022617934436387
0.0642385087684403 0.9979374164276832
0.7603694645637251 0.7245814292140075
6.2110090939415734 0.9973964276711592
1.8665194525029349 -0.2914316622744630
5.3176891050887445 0.5690089038382545
6.4867274969195883 0.9793567063534170
3.8763041778042808 -0.7420241706891834
0.9834116070043510 0.5541859800092346
4.4909126370117480 -0.2196701444639998
-4.0290456520818427 -0.6313891857815189
-2.3531368312111915 -0.7049413876888970
2.5816520376480483 -0.8472866535116109
-7.9161499477510269 -0.0621282758030418
4.2192103936937819 -0.4734280774679257
6.2229390107324249 0.9981857407372097
-2.1914503966745364 -0.5815673695979713
3.5187157535681237 -0.9297278921422878
6.2426276304691743 0.9991776501645253
-0.2852779517007011 0.9595834673962942
-7.0187538673880869 0.7414493643474775
-5.6770451446865806 0.8218530819719086
-1.6740393054838751 -0.1030596633252102
-1.7402384130877557 -0.1686324515140141
-3.6449101633683352 -0.8759872366195777
-2.5224305361914556 -0.8143650101669871
-2.2574855480209308 -0.6339802733304519
0.7032256444465919 0.7627601946781067
4.3057755590213134 -0.3955011463295151
-4.5624257562928587 -0.1494017694181901
1.3242561261178558 0.2440502426643555
3.9117250739195217 -0.7178184808590449
-5.7903861106137740 0.8810120292026274
-4.2011279030858439 -0.4892774566994950
-1.2216871846567425 0.3420608239331034
3.6774431784031645 -0.8598346857162272
-2.6902465330831493 -0.8998607706812073
-5.3008606128481990 0.5550903908447559
2.9390805912325284 -0.9795644162861887
-5.8380669655798449 0.9025597180016636
6.2640450565440382 0.9998168309948915
-0.0094723522322102 0.9999551376070377
3.1082425379042924 -0.9994439364339733
2.0481000824993583 -0.4593859449337196
-5.6553973640038411 0.8093287520141778
5.7818282357553610 0.8769311392948875
2.7429453399687098 -0.9215869120692289
-7.1575479421249604 0.6414859333390110
7.3381581102175009 0.4932513886710045
6.2788052366126301 0.9999904075062503
0.1418215528267286 0.9899601684033068
1.0834524927247919 0.4682806082660715
-2.5609352546297792 -0.8361021988265830
0.3593157584951250 0.9361376452235399
-1.6536762967316889 -0.0827851175327442
-5.6375802029114723 0.7987358329283680
0.7630853932296340 0.7227069704605663
-4.5312156839317925 -0.1801837902476888
0.5487655006770105 0.8531691293071271
5.9082498264625372 0.9305312516165093
-7.2100370712978190 0.6003547040996732
3.0342101114386963 -0.9942400328665574
-7.2434133951082771 0.5733331234476307
2.7685897344812176 -0.9312372417088915
5.5468906059941503 0.7409619219122985
-5.4259917443267316 0.6545617335661423
2.7625912305364793 -0.9290345651330831
-3.4207829061965214 -0.9612789014747499
0.2214493151810153 0.9755801409924646
3.2282365588419317 -0.9962487644848773
-0.4834756270053102 0.8853845964011832
-1.1737134694950839 0.3867298228446620
5.7927340053394420 0.8821203744341365
-1.9544906750814626 -0.3743487410169400
1.9194200697632464 -0.3416046648236983
-4.6022295663540937 -0.1099367499894257
-4.3429105729599637 -0.3611290877754875
-2.1364060854996456 -0.5359307116949930
3.6950240212373835 -0.8507259746039683
-4.1769657268344336 -0.5102051055019683
0.7524814890675540 0.7299951386874537
-2.2116997512494230 -0.5979198304781645
-7.1496864316691333 0.6474968865620588
-2.5983094935556874 -0.8560160709797026
0.5640177274250000 0.8451141171564711
2.3613175464863208 -0.7107200339484090
-4.8108334369005732 0.0982855242408456
6.8242247909579472 0.8571737820484256
-1.3685394804908189 0.2008806826048579
-4.7132522275566533 0.0008632470647488
-3.1448251670078609 -0.9999947754330504
-7.7648114905807404 0.0890520203898956
-4.1978904124098833 -0.4920983944921219
-2.5307977884747075 -0.8191924066027080
3.0142314303798958 -0.9919005166929501
2.4013557671017942 -0.7383088083161377
1.6642488185941584 -0.0933165253480507
5.3427676624166445 0.5894507011919766
4.6240941247396297 -0.0881801761787885
3.3329703735374512 -0.9817431085556929
-7.9214512297103159 -0.0674184188064851
-7.9169601095170332 -0.0629368519986500
-0.0406398215433192 0.9991743161031383
3.2152893323756206 -0.9972856286262480
-1.4454318403222430 0.1250363677235805
6.7983127117187792 0.8702299640594979
4.6973622893795959 -0.0150261255033943
2.5835346528850067 -0.8482850759349557
3.0236660819611760 -0.9930547162693840
-5.4405715459118511 0.6655142287445661
-2.9629838747870121 -0.9840918103324361
6.6531614254865019 0.9323359813289247
0.3322960535040753 0.9452958303501980
5.0451039761688143 0.3266103319210691
-3.1174663472107831 -0.9997089747872946
5.9650383974674366 0.9498167081771968
-1.9116234626837745 -0.3342667641919438
-1.1510786384067444 0.4075026612032718
-0.4475896045592496 0.9014929244773943
-4.6666531343792172 -0.0457199028794826
2.1791606991569115 -0.5715260554572170
3.2442231486023108 -0.9947381118106389
-0.3025135622922601 0.9545906635555361
5.4179795906938235 0.6484835321197312
-3.6909732435596538 -0.8528481162075098
-6.4783776302442231 0.9810103856324044
-0.6343470125220971 0.8054588622966651
5.9197104094565738 0.9346670587791370
5.1589027882033740 0.4318237656399620
1.6764076513335393 -0.1054151069139749
6.8860522279600751 0.8237134400754192
2.6174573378825627 -0.8657570090891907
6.1275125729969719 0.9879074504393516
7.9088019692560998 -0.0547928810968048
-5.5036503079431967 0.7112404866085608
-7.5416150802637745 0.3073115286316632
-6.2145960041126482 0.9976486757848637
1.1411955523131301 0.4165078868957345
6.8569348402576118 0.8398716935514062
6.8646391938284079 0.8356650014594232
-3.8825871527325937 -0.7377976149067981
4.4114144099912824 -0.2964511088313202
1.4082616767544458 0.1618199678429797
0.9289643319986247 0.5986638736401306
-2.2825539039824658 -0.6531656430861902
6.8130331835411244 0.8628839641023236
1.0802601185232774 0.4710989346685808
3.2296309049746235 -0.9961271355779918
-4.5788815813446746 -0.1331111413543191
-2.5947005574842485 -0.8541448638264906
7.2507115474713135 0.5673383684500249
-1.8676443793399198 -0.2925075732698394
7.5419137347650071 0.3070273126294970
1.3510294436338306 0.2180021190247417
-6.1276786457848011 0.9879331855270252
1.8031883656605991 -0.2303059169469152
-2.0459578908384728 -0.4574821189374196
6.3849098481468172 0.9948305189549610
6.9749878479454850 0.7700973784505848
-5.9997509599508643 0.9601006712263500
-6.3537824673291912 0.9975090553111221
-2.7464625368241524 -0.9229464865530007
5.2205599481441247 0.4865801533668372
1.4601982867077634 0.1103727067619596
7.7195431177918330 0.1340339147587761
6.2874050731242690 0.9999910968008974
-5.7872314757875518 0.8795152095084778
0.5819286569474151 0.8354041446954560
-5.9892309017509451 0.9571056152540511
3.7173226310919869 -0.8387950917048049
5.9148600366158846 0.9329316458738147
-2.2384300470286274 -0.6191295088827146
-2.7084925072495967 -0.9076690232632294
2.2364353564228256 -0.6175618698434940
-1.3917622121851370 0.1780792098130042
-2.3398056247855301 -0.6954236615757489
6.9507346023493177 0.7853411639181246
-6.6828738508544312 0.9211822361329874
-7.1365530585152683 0.6574492824016970
-7.5531368363673348 0.2963271670915091
-5.8311865972564050 0.8995759344311757
-3.9953131652005531 -0.6571834370569434
-7.1736208685778013 0.6290735044234814
1.5350299588946825 0.0357587428011592
7.4745246590927525 0.3704161265263773
-4.5222757022866134 -0.1889701333366080
4.7037730333151639 -0.0086158404697714
-0.3444831143513589 0.9412501358936909
-6.3732941568278001 0.9959429438634048
-1.0055546626389482 0.5356199071658810
7.9885149441735646 -0.1341278528223030
6.9229390523760426 0.8022427958087803
-1.6380619412827855 -0.0672149002575201
-7.5779928557560545 0.2724984291300150
-6.6515292924491742 0.9329249074145316
7.8255742398854373 0.0284035735432063
5.7517993982514497 0.8621056189525723
-6.7001493685128146 0.9143226662046090
5.2632659040655128 0.5234346268047616
5.3854573616156767 0.6233881236727902
-4.7223769235728312 0.0099877771244171
7.4681471908063290 0.3763323665281111
5.1373438202745110 0.4122796387134305
7.0818085002298314 0.6976937095489295
-0.0926856277974935 0.9957077612715102
4.6725636990377009 -0.0398147546804288
-6.7503235567480662 0.8928606831506618
0.8453922353962930 0.6634378506917489
-1.4384675342113518 0.1319429309960820
4.2048839645908860 -0.4859982459416480
6.6506625961367654 0.9332366291847614
4.3006797010938111 -0.4001763605552849
2.1927570250918453 -0.5826298127713991
0.8157747120956884 0.6853044098677198
-0.2148842576719669 0.9770010809909109
6.4485922061028376 0.9863514395925389
-7.7006258470128603 0.1527553899037815
-7.0377584090941383 0.7285640252336096
-5.3409248401764255 0.5879610613240315
7.2656293059484423 0.5549911506526317
5.7928189453080634 0.8821603800189930
-0.7766760854678729 0.7132472471616419
-2.4229130341101044 -0.7526757122134462
-5.2738045154785560 0.5323849846841381
6.4596364221778657 0.9844728512775598
5.8538569632375168 0.9092455384265068
-5.6060378936650093 0.7793632391512356
2.0810886523257999 -0.4884323515224124
2.0515128269185112 -0.4624145889265793
1.0159418964489060 0.5268195749076034
7.4828619541798655 0.3626591131621773
4.6325243863845582 -0.0797797203052634
-2.8567262049694602 -0.9596991930645651
7.1973580470326048 0.6104460221418471
4.1219981347429862 -0.5566857499525135
-4.3288519562600616 -0.3742028515785937
1.0722674999915167 0.4781339443046757
-7.2135483576192030 0.5975429144228087
-4.3880136075700964 -0.3187167951988875
6.5320115386641717 0.9692021491709224
-2.9093906251817536 -0.9731620218091510
4.9786554893106310 0.2631313560323998
4.8737429794842804 0.1606547650185025
-2.0974710947268118 -0.5026615178715855
7.2915589127843585 0.5332372999050945
2.6339929240416389 -0.8739137498720755
0.6422547801304415 0.8007471756701354
-6.0812415306610657 0.9796785578281698
4.6308567642515666 -0.0814419152201879
0.8910313092541138 0.6286102907105222
-4.1083441111395800 -0.5679762198953131
1.7096752125783414 -0.1384328819503206
-3.0635466683497405 -0.9969559577143858
0.1521864443420391 0.9884419766088014
6.7469907917686438 0.8943565757440802
-5.9206089230352870 0.9349861248076300
4.3309528893629974 -0.3722537334146621
-1.1337623214399351 0.4232541068924731
4.2147182221127224 -0.4773801380004209
3.7356463975020642 -0.8286785128193119
6.8081666758171551 0.8653332797538971
-5.6801981465197589 0.8236452573494284
3.1533389520038195 -0.9999310130299994
2.4308083242172707 -0.7578503904086139
-2.8690773991027392 -0.9630969509811715
-2.5113436174395201 -0.8078807649146663
4.9534771962998061 0.2387595109163407
0.0855497626067514 0.9963428503593691
-5.5071697945922722 0.7137100953170387
7.1750688152070410 0.6279472901132065
3.7528036160127503 -0.8189536960693682
-0.7518161180419192 0.7304497264453979
4.8338512849373565 0.1211638673672987
-3.1853909222543866 -0.9990410091474445
6.6913989015378768 0.9178314370119341
-0.8254642426756398 0.6782158840865482
1.2696571734555775 0.2966082894338488
-5.5361512925269434 0.7337073781276215
5.4988611572504809 0.7078658154215550
-1.2809856447975818 0.2857708071648712
-6.2718672275184133 0.9999359512201113
-3.8459981462347343 -0.7619966780257466
-5.1991797136007190 0.4677918279178329
-0.4800946433304034 0.8869512144876986
2.2175767255952206 -0.6026202011836878
1.2563102951112697 0.3093277511139441
6.6744809963774152 0.9244156775991195
-5.1082676612696005 0.3856190595904648
-0.5318692841778656 0.8618605781691329
-0.0397891350856945 0.9992085167942192
-2.5915025127214548 -0.8524774031153431
3.1736555131971542 -0.9994860305503674
7.4220554513362647 0.4186208620597933
-0.4092861138800572 0.9174051507612743
1.1670718723196050 0.3928460832017880
-5.3812472615995652 0.6200906785765199
2.7852391858066881 -0.9371751777764514
-4.2901234480707942 -0.4098280373470407
4.5941274217266592 -0.1179860876852642
6.7940071574663623 0.8723430043382288
-4.5056643854457512 -0.2052553399591354
-0.8680184920821929 0.6463398041748679
0.9766110254914580 0.5598338770564772
7.1802995253236954 0.6238678874158653
1.1047534586341836 0.4493546954823348
1.0542377698347618 0.4938906510586322
-4.9313731889244643 0.2172382023680845
-7.4980890954963026 0.3484271122453055
7.5282605658221424 0.3199920235455604
1.4275979659473048 0.1427094635892091
-4.4207790345883264 -0.2874945745543249
-2.4078447243358099 -0.7426697942662108
3.4878836042958419 -0.9406380733122131
-5.2338043636902256 0.4981079365103994
5.7633454133427886 0.8678987221269202
-5.2587481975842607 0.5195799149868582
-5.6400388438168108 0.8002127369444928
-5.8939164890635016 0.9251867994735130
-3.3790242035040894 -0.9719452975865910
-1.9267865277532508 -0.3485186531300811
-3.5998500258843720 -0.8968247728609779
-7.4254164274073808 0.4155661956965648
4.5073241936856192 -0.2036305896068916
3.1253224624651565 -0.9998676433602004
4.3910599810357684 -0.3158278156974957
-3.9422824786113413 -0.6962116934386302
-5.4853916872928323 0.6982877724531886
6.7701471120580479 0.8837586374471258
1.8851653887453494 -0.3092165159882700
1.9393862272109939 -0.3603003984840026
-3.2343627745972245 -0.9956999376189034
-7.1770412888585415 0.6264109803469410
2.9345529330127036 -0.9786437280112038
-2.3061781064435127 -0.6708703226444407
5.3478840293127039 0.5935759915338216
1.5041605076275690 0.0665865159169767
3.8817552933950630 -0.7383588829085519
4.6440048773746643 -0.0683308170657012
-4.5176899373294326 -0.1934712730823946
-7.1183694036027454 0.6710412012506971
5.4916645378523228 0.7027642186952034
0.6922925594534721 0.7697846901731821
-1.2444373906139230 0.3205962874847615
-6.6446753220685277 0.9353708911067484
6.7737568103044570 0.8820637503670959
3.6980576469097244 -0.8491275601008792
-5.8560115541783926 0.9101402977028933
5.0205002495361288 0.3032593916029808
-2.0514296736602056 -0.4623408583414791
-2.4646737282947235 -0.7795063832123533
-0.1521680639302616 0.9884447629061290
-3.6071455404647725 -0.8935735019245649
1.5945429190219329 -0.0237443605035255
0.2142231208756638 0.9771418445307428
-6.8551198651914245 0.8408554508972149
-4.6043903912955795 -0.1077887677194479
4.6384675240763649 -0.0738541521908444
1.4579361725052369 0.1126207157390439
-4.4770560566328861 -0.2331667457256838
1.6073641837182855 -0.0365597076621591
5.9329314214108582 0.9392856256998378
-6.8536503863985985 0.8416499124685040
1.4481308992357800 0.1223580384067804
-4.8062209890915231 0.0936943795015169
-1.8507804964487367 -0.2763404346892197
-7.6217074108039746 0.2301912667422674
-6.8825930215411883 0.8256698997531443
-4.1380013345854962 -0.5433208058211393
-1.3471337319949974 0.2218024682827013
2.8684552426026642 -0.9629293082365761
2.2218056827867816 -0.6059896292699246
2.7330172448786367 -0.9176877473708189
0.2123308377934574 0.9775423722267900
4.8502609724722081 0.1374356128049663
-4.8175332329368192 0.1049506258281795
6.3293065086671572 0.9989366059079665
5.2415604159006595 0.5048182764623075
4.4120319254290621 -0.2958612954441506
4.9907326485931698 0.2747634435342786
-7.6141839518753205 0.2375061025035143
3.2552928571100956 -0.9935430924581837
3.2524147461898778 -0.9938655141623355
4.8158644672008126 0.1032909305997161
-6.9476943052645979 0.7872196674760050
-7.1970381283686020 0.6106993849910527
2.3374277495253324 -0.6937129560093062
3.0247403329493192 -0.9931805325625833
-7.4995086462375173 0.3470961657904524
-0.4763990101408631 0.8886520304316943
5.9817941788323825 0.9549244583199195
5.1811185012405456 0.4517532012623244
-0.4068003645515077 0.9183915305915425
-3.7927653892565019 -0.7953735275982022
0.9425697164217226 0.5877108846883167
-0.8876977243205761 0.6311993902886565
0.9559665674429851 0.5768194658844557
1.4279782953213225 0.1423330167172898
-5.3532592977481066 0.5978932929659548
-7.6459825988395238 0.2065024783327133
3.0709044219174562 -0.9975026271228805
2.3011191139708451 -0.6671101329993491
0.2718116418204630 0.9632860932348626
-6.9682392752404265 0.7743849018286104
3.8339961176299528 -0.7697138946383691
-5.6535000544809542 0.8082129000077963
-1.2911740977332116 0.2759925700385669
3.8012283870850094 -0.7902155170130504
3.5002779067430936 -0.9363591661054269
-7.3445037387946961 0.4877215162523962
7.0666282229310191 0.7084879975431861
-6.5426670799514905 0.9665230745037722
7.9444742127246695 -0.0903691234268562
3.6513357714975392 -0.8728698828414314
1.9325141737276113 -0.3538814401920832
-0.2644344144678890 0.9652404786059585
5.6263103415348663 0.7919043821393905
-3.7794414571951460 -0.8033785856669389
-6.2913556473658776 0.9999666229562930
3.1020578356180604 -0.9992186008692816
-3.9609036861752056 -0.6827247809827112
2.3636616194578188 -0.7123670765134666
5.7395405250340374 0.8558290747479250
-2.6694235125055972 -0.8905838172269021
-5.7552641907930990 0.8638561503162772
-1.2243311487869857 0.3395751568001798
1.0899981250513360 0.4624870292544367
-7.3845785013829914 0.4523540566864548
-6.1773027319980738 0.9943996752299813
0.3340702438527448 0.9447155765492605
2.3626779364931920 -0.7116763763216182
-5.9720599257165379 0.9519896595662997
0.4840297632437736 0.8851268651254667
-5.7553449267233479 0.8638968173032245
-0.9945776692744790 0.5448570746093423
4.0440949573416578 -0.6196479023394521
-5.1129599582569227 0.3899441842483765
-2.2106012425061401 -0.5970389537189469
-1.5043348592384120 0.0664125502412908
0.1982660780636571 0.9804095815018735
-7.9925889367675698 -0.1381639087086040
-6.0938800531417900 0.9821352070684853
3.2555022418238746 -0.9935193148564879
-1.0641362640196377 0.4852596175833632
-1.1863578991905452 0.3750386131399067
-3.3989521487837404 -0.9670654308166481
1.2261343188453449 0.3378785819144327
-4.3762593433692984 -0.3298358007226620
-3.3697096403021725 -0.9740939532748171
-4.1863323120320093 -0.5021270851134082
4.2199468882032516 -0.4727792208428682
-4.7212821892552963 0.0088930916449942
3.9089321630050531 -0.7197601879143423
1.6987660899585446 -0.1276207713536027
6.4470972401927433 0.9865964889447055
6.8057228842480804 0.8665555153158698
5.6095964140342787 0.7815879704464018
-0.1291864136479521 0.9916670341036765
0.0611876411316334 0.9981286202548487
-4.8058102598169512 0.0932854491309837
7.8265479793755066 0.0274302136090110
0.5798705774430051 0.8365335695687254
-2.7905437753750384 -0.9390125381499093
-0.3539500442452290 0.9380109264225571
2.8941268099056892 -0.9695362701944741
-5.8594794392172727 0.9115715674449641
7.5194219994037557 0.3283532523581944
6.2199877065064033 0.9980036961932062
-5.6148459568587885 0.7848518247922912
5.8388927432550926 0.9029149609413669
2.1497210062220304 -0.5471241546253933
2.1096230882749865 -0.5131293411690035
2.5828661511925883 -0.8479308881428150
3.5440980930456458 -0.9200824400910793
-1.3204596049918820 0.2477301991604346
-5.3299167157193903 0.5790212639673217
2.8706387565135003 -0.9635160235898671
-6.9427994902881185 0.7902287235324145
-3.2665710278833728 -0.9922003631764998
0.2417577646384448 0.9709186492071695
5.5525471874185861 0.7447487079653216
-6.2407988332593369 0.9991018278987037
-7.5826780927038335 0.2679875248542594
-7.4722068281558052 0.3725680837588577
5.2327127059605072 0.4971610470663924
-5.9337197743958114 0.9395558463069047
2.8007756891226769 -0.9424819038423329
-0.8768958441797494 0.6395405642104209
5.7012215962372874 0.8353848772388422
1.6664595592867197 -0.0955173896287837
7.8069612181262187 0.0470030913710924
-0.5805030974959600 0.8361868345991800
5.0419370685718690 0.3236154676102235
-1.4067293133033285 0.1633319446189391
1.8538850361456909 -0.2793227465304763
-2.2565469284601907 -0.6332541134633027
3.4235241623046235 -0.9605198625824192
2.9675359566498347 -0.9848903375045684
0.8986147430439591 0.6226944805590005
5.5916193218943580 0.7702482618767289
-3.8132287089153500 -0.7828046498844085
1.5981496658139331 -0.0273499281617611
-1.2025534386649870 0.3599766711289490
5.8462986780151329 0.9060733836752042
-0.3031025566488452 0.9544150244516105
5.9468813477874676 0.9439808052121559
5.7717931821465260 0.8720640584047336
-5.5509281753749278 0.7436672927618924
3.3000169668412926 -0.9874770933205731
4.8584897853345392 0.1455815949437303
-5.8968571674367052 0.9262988203891837
-2.0033395576368260 -0.4191811615017438
-0.8821337818170409 0.6355051063591305
-7.9436702943646615 -0.0895684653116543
4.2636676711740726 -0.4338137854137106
-7.8472393337905437 0.0067422491014544
1.5924085136290156 -0.0216105044128623
0.4662760194472106 0.8932486418752885
-7.6008492082658119 0.2504377866963183
4.6397002632159907 -0.0726247237916917
2.5402828397850126 -0.8245953306369059
4.8111982463718004 0.0986485608499678
-4.2186906549884124 -0.4738858162362571
3.8804357185329952 -0.7392481716593398
0.2610876411657230 0.9661097951966120
-4.2580172385878861 -0.4388978872536896
-6.4866353259818030 0.9793753335952661
0.9091306808571886 0.6144318482079432
-2.8408396631630914 -0.9551136944248273
-6.0192138020190598 0.9653613627263744
-0.5023630790810270 0.8764471922115779
-4.0257260860688824 -0.6339599132153095
-2.7556533171973019 -0.9264452474787910
-7.8660372604276407 -0.0120553344315806
2.4299395103316126 -0.7572832656205397
-5.8842229647880604 0.9214645809676629
5.4173697523572528 0.6480191851279998
7.7137426507156768 0.1397797557028182
5.1284522639251247 0.4041627304058667
-2.5592380388494469 -0.8351699471064515
5.4532188760674263 0.6749005312264440
3.9083327144024267 -0.7201762094475505
5.8344646034904546 0.9010028151687031
-2.4255786184289629 -0.7544280339940909
4.5986260539114152 -0.1135176985165053
-0.1222441691599627 0.9925374815980573
0.5936147184857141 0.8289241663970778
-1.9073562363315659 -0.3302419639251202
5.1179532453154835 0.3945373148670060
-0.5774004544522722 0.8378844352417125
-5.9797472150860109 0.9543148191801890
-7.1493424134973864 0.6477590135146405
4.5252315849897577 -0.1860666859476149
1.1346487986894882 0.4224507825387954
6.8540901397884131 0.8414123539130108
3.3595283227763115 -0.9763458677719157
4.9233456223932954 0.2093954297746476
3.8856364252015911 -0.7357358621019620
-0.7819064651424537 0.7095714691802661
-6.3944786328484930 0.9938132876111803
0.9808979700275788 0.5562765605421589
-4.3383401823339494 -0.3653872628567950
-4.6144747034422817 -0.0977578978719694
-0.2701536632926977 0.9637298981567487
-4.9652178638641402 0.2501439060070262
-7.1340925957645211 0.6593012462028349
4.2943016061984896 -0.4060133108251184
-5.6330038702611915 0.7959739822898644
0.1136308413584928 0.9935509595786352
1.2876216547933055 0.2794052866012198
6.5838719646679120 0.9551333427588418
7.0886622741537693 0.6927673437836577
-6.0180955425734712 0.9650689868108632
-4.7724266102780408 0.0600015686168416
-5.3644700137749322 0.6068417710665873
-0.1223372793163175 0.9925261234493054
-7.7057788195436352 0.1476608869844702
-5.2481669205472681 0.5105101226029418
1.5589735312372444 0.0118225201308160
-3.7633751775409312 -0.8128414551159402
0.1416274104789785 0.9899875911099884
7.6918382714504538 0.1614338250019797
0.5373672300931158 0.8590593089745058
2.3775071686258702 -0.7220153911869235
1.4918661303380194 0.0788482664450231
4.1067349487308658 -0.5692998969816465
-6.6046104792591009 0.9487861427516625
7.7889557423311739 0.0649800757794753
-2.4544490416766411 -0.7730610634709941
-3.2655762572753257 -0.9923238736464856
2.7219483304579928 -0.9132339135145402
5.5406939992804283 0.7367864099728981
3.9100797594401655 -0.7189630265447537
-3.8884838249879081 -0.7338044277176573
-3.7194296611887498 -0.8376460638921569
3.7005231801781537 -0.8478227158865540
-0.1622193901529432 0.9868712630188720
-2.3454487602061054 -0.6994677242060985
2.2739328431742543 -0.6466134545335321
7.1966415678385651 0.6110133583867521
-4.5364114441528649 -0.1750706601236412
-6.1669404162152226 0.9932511674771110
2.6750671133337320 -0.8931364387534932
-6.8186960043889755 0.8600081427059720
-3.9180272560155966 -0.7134164848520214
-4.5968171983456170 -0.1153146749007567
0.9722669856660300 0.5634280760739914
6.4386925534877193 0.9879330949350870
-7.5328852935736510 0.3156070564978346
-7.5147878975614439 0.3327268750714487
0.1489624630879725 0.9889255932892271
7.5628367550053976 0.2870491107198884
5.7085810549513081 0.8394074581060387
-4.0562595397484973 -0.6100545551626949
-3.9791016018526371 -0.6693156975450468
-3.4826663306036423 -0.9423960647764852
2.1776887072440321 -0.5703175438211401
6.2753634235135696 0.9999694092239249
-3.1472959813328760 -0.9999837360704137
-2.6316076533186479 -0.8727518300739070
6.5587481258589353 0.9622722135166276
3.0328123475790534 -0.9940892545261742
2.5341170085942348 -0.8210915256013068
6.3648803161915453 0.9966648183080211
-1.8080301670222898 -0.2350148444151245
-6.2063946170395869 0.9970530435178743
-3.5767655087914445 -0.9067971857716440
-2.3906149928111855 -0.7310221078175106
6.9878519897540663 0.7618275104180590
7.1372277036829672 0.6569407884984766
-7.3481734627967121 0.4845145730355738
-3.1468581435158534 -0.9999861373399483
6.9977855384884542 0.7553552761835136
-4.2297578055411442 -0.4641114131093517
-7.0680840603324171 0.7074598293624728
6.8285712679525190 0.8549271380462604
-5.2018596967012041 0.4701588178866437
6.9235084103642102 0.8019027602710422
-3.5645681053677087 -0.9118716286092935
6.3952693844199402 0.9937251531013398
-2.5559459548272763 -0.8333548049174815
1.6526243205702418 -0.0817367067488598
7.6854232156070932 0.1677613728679848
-3.3690615700440993 -0.9742403057091694
-3.6308781077137677 -0.8826689171201516
1.9218942960123577 -0.3439290028827747
4.5815059766999777 -0.1305096447741118
1.9537289966078681 -0.3736423371929352
6.2088784103327459 0.9972405126036791
7.9529742211329957 -0.0988309861834467
5.6684900243235177 0.8169492181314364
0.2276671538552222 0.9741955815814858
4.2312130595464978 -0.4628218918424321
2.3777318423420972 -0.7221708195379928
0.9418087717426875 0.5883263727637135
2.8022998851467378 -0.9429902823322376
-5.9194323836564688 0.9345681777434531
7.5268754688631763 0.3213039850633765
5.3470879042602206 0.5929350996083493
-6.4765964303454382 0.9813543022369969
-5.4541199061763717 0.6755651351463743
3.2584156412713732 -0.9931839519645512
3.8022707898197048 -0.7895762731323782
-1.1934714410952125 0.3684348611326609
6.8658362772772694 0.8350069173690617
-7.5095297456835706 0.3376808119972987
6.6667557976101097 0.9273343509151930
2.1834604327139537 -0.5750490537024918
3.3949608436110168 -0.9680736237323423
-6.3899099288491072 0.9943103311544718
-7.5886621937849359 0.2622175441128163
-0.7443839740278371 0.7355054111200471
4.5482306310429514 -0.1634220532542131