2.0272400616 1.5785210058 1.6179737018
-1.2893572958 -0.7392651090 1.1159293348
1.7498350955 1.6358196244 0.3860170178
0.0249167874 0.6563302383 -0.4301485354
-0.4726547142 -0.7460920003 -0.3332507940
-1.0088870346 1.8190105410 -2.2909462999
0.2635383237 -2.5230640952 -6.2963999805
0.8410789259 -1.2678669025 -0.9000727229
-2.2196725335 -1.5334176206 2.5755765569
2.6239022552 0.7374120077 6.3410865756
0.5869977553 -0.7332082491 -0.1930279718
1.1978750092 1.0528943216 0.3263180853
-2.4233574682 2.2193573681 0.9471142918
-2.5040477697 1.5454412721 3.8818665077
-2.0742936977 2.6877246891 -2.9211696598
0.2033379497 -0.1353697270 0.0230213588
-1.8441190141 1.3242977054 1.6470105258
0.9011519167 -1.5121890007 -1.4746407969
-0.7496771950 -1.9218571011 -3.1315188203
1.0571983345 1.1508606262 -0.2068118625
2.0797769686 -1.8379818280 0.9472950391
1.4420771748 0.3067853747 1.9854693120
-0.6682764218 -1.6082842132 -2.1399847346
2.3826993310 0.0247723718 5.6766424317
1.8697244866 -2.2314265787 -1.4833949204
-1.8381105844 -0.0515451029 3.3759936228
1.9264214540 -0.3348814508 3.5989540325
-0.3391743491 0.4368524099 -0.0758007890
0.9063624132 -2.2241949927 -4.1255505416
-1.5578198727 -0.1156941064 2.4134176295
-2.0453551953 -1.3260659310 2.4250270217
-2.6787492215 0.4212810477 6.9982196706
-2.7312943155 -0.2496802944 7.3976283883
0.3783652193 -2.8077903876 -7.7405266215
-2.2438565705 -0.2142611010 4.9889844894
0.5071330446 1.8071636481 -3.0086565263
0.1238854465 -1.1567491974 -1.3227211019
2.5172704732 -1.2843071372 4.6872058122
-0.4035258723 1.9351610111 -3.5820150093
1.8211687366 1.6461210431 0.6069410787
1.3487558862 1.5365791878 -0.5419331599
2.3783069425 -1.8582000183 2.2034366047
0.9533899783 -1.3605737767 -0.9422085512
0.2071420881 -0.1829229692 0.0094470320
-0.3714431354 -2.7561227542 -7.4582426335
2.0782864812 2.5457835794 -2.1617393355
-1.6289561500 1.2348476350 1.1286494570
-1.4462820071 -1.3948604522 0.1460959630
-2.2527772781 1.8539364973 1.6379249286
-0.9971338608 2.7234912902 -6.4231288715
-1.5285638517 0.1120611167 2.3239497548
2.6959364317 0.6864290264 6.7968884356
-1.6101321235 1.9593776171 -1.2466351910
-0.4973661274 1.0296424240 -0.8127904567
-0.3825760707 1.4384450328 -1.9227596626
0.6383427488 -2.0749545934 -3.8979550997
-0.4324591252 -0.6357064583 -0.2171018062
-2.1468716720 -2.5275842069 -1.7796239470
-0.8418853685 1.1575928441 -0.6312502190
1.7373254558 2.8025578855 -4.8360309619
0.3778325073 -0.9159547137 -0.6962156339
-1.5755383625 1.0862904250 1.3022942443
2.5923964610 -2.0448941745 2.5389272264
1.1099222362 -2.2664274909 -3.9047662012
0.3661558114 1.5952950402 -2.4108961870
-1.0637863339 1.4290285664 -0.9104812794
2.3700380373 -0.4641627259 5.4016332622
-1.8275432688 2.2422404717 -1.6877279335
-0.7518184471 -1.2188288113 -0.9203126937
2.6783724740 1.9218354611 3.4802275700
2.6253818074 0.7092597886 6.3895801871
2.6802788642 -1.4138426667 5.1849437037
-1.5651230293 2.2138223408 -2.4513992597
-1.2939690678 -0.4345248254 1.4855441245
-1.6113416814 -1.0597660530 1.4733179271
2.5963077467 -2.4880171553 0.5505845502
-0.4763714655 -0.6450306482 -0.1891347640
1.5253461147 2.7687890196 -5.3395118653
0.4537053287 -2.1644907355 -4.4791716189
-1.3398211651 -2.4492528084 -4.2037185652
0.0058331264 0.5792774218 -0.3355283060
2.0062397411 0.0164047190 4.0247287841
2.4700722382 -1.8516718530 2.6725682108
0.2773740996 -0.0132774151 0.0767601014
-2.4536239093 -0.4313714758 5.8341889380
-1.6685589210 0.5328026256 2.5002102351
-2.2353781100 2.3799513749 -0.6672532525
1.1297671053 1.4806170282 -0.9158530720
2.7100447041 -1.8901564190 3.7716510101
-2.0089961231 0.0395737203 4.0344993432
-2.1586546467 1.4284412610 2.6193454476
-0.6170690259 -1.1329263725 -0.9027479827
-1.0108873794 0.0771031861 1.0159483924
1.7676197976 1.7192950219 0.1685043766
-2.6643536866 -0.5118490234 6.8367911447
1.6179604226 -0.3437005302 2.4996658746
1.4040515068 -0.2698070157 1.8985648079
1.3465874093 2.2670980304 -3.3264358288
-1.7905279585 0.7249654053 2.6804155314
0.4910859096 0.0461243982 0.2390379105
-2.5532993905 -2.1363958571 1.9551505192
-1.1125992125 1.9095688989 -2.4085763721
1.9310653742 -1.3289468756 1.9629136814
-1.1916702558 -2.6521404459 -5.6137709465
2.0523867109 -2.0964457485 -0.1827935653
-0.1990194849 1.4572324265 -2.0839175895
-1.0873997470 -1.1050518060 -0.0387012841
-1.5782885983 2.0920683117 -1.8857549213
-1.2293794801 -1.7049933355 -1.3956283679
-1.8571194597 -0.3956899985 3.2923221127
1.2681064187 1.3954515104 -0.3391910289
-0.5709630027 -0.7833982773 -0.2877141104
2.3081658898 -0.3633312447 5.1956201815
0.1105484538 -0.7661634806 -0.5747855183
-2.1574852140 -1.3039598989 2.9544310306
-0.5439080969 0.0233918671 0.2952888384
2.3190440792 2.6796492567 -1.8025546976
0.9138300266 -2.5183498919 -5.5070008605
0.6114682059 -2.6880257827 -6.8515892415
0.0961737733 -2.1005435884 -4.4030339722
-1.7535135108 2.4189616377 -2.7765657721
-0.3661858565 -2.3759128074 -5.5108695867
1.6406418063 2.1901633773 -2.1051100828
1.0019531719 -1.8005559327 -2.2380915082
-0.1152466443 1.4273341548 -2.0240010004
-2.2737103240 -0.6123690131 4.7947628290
-0.8749946499 -0.5384611156 0.4756752643
1.7582270533 -0.8189095745 2.4207494799
-2.7814446375 0.3767433275 7.5944987367
-0.5653168805 -2.6371599495 -6.6350294236
0.9156970192 2.7529263044 -6.7401022063
-1.8352627924 2.6916649175 -3.8768705108
2.7083130079 1.3194774503 5.5939386068
1.0629149957 -1.3113450399 -0.5898375257
0.7234231154 0.2824824643 0.4435446613
-1.5328961894 1.4776911628 0.1661995548
-1.0694541255 1.4379979973 -0.9241061136
-0.3476228756 2.4411734170 -5.8384859885
2.5443607171 -0.1770366355 6.4424294886
1.9465135676 2.1130875039 -0.6762237302
-1.4451443266 -1.5691640114 -0.3738335699
0.6970293960 -1.3635614478 -1.3734498430
-0.4795591997 0.3701304628 0.0929804666
1.4797935374 -0.4195995743 2.0137251106
-2.4407987263 -1.6887837208 3.1055079666
1.9063583421 1.3083356195 1.9224600353
2.7996532217 -0.1748902699 7.8074715554
1.6973531668 1.0853351118 1.7030554678
-1.8826856595 -0.7812043086 2.9342251206
2.3080492875 1.7095528172 2.4045206785
-2.1744514328 1.3665150215 2.8608757299
-2.6367769852 2.1835119772 2.1848683152
1.8695038589 1.2549251707 1.9202074945
-2.2334427011 -0.7707759817 4.3941706850
-2.3336541443 1.0229585555 4.3994974589
-0.7009525212 -0.2353566929 0.4359416641
0.5335988637 0.4374801375 0.0933388766
1.8096008241 2.6307635387 -3.6462616538
-0.9687212277 -0.6690634443 0.4907749245
1.7995766108 -1.4923344184 1.0114139621
2.6430583687 -1.7831111261 3.8062722522
0.2527397574 1.3655299807 -1.8007947432
1.7199169607 -1.6426941030 0.2596704356
-1.2826123046 2.0110663993 -2.3992937384
2.5850029806 -2.7173882534 -0.7019585099
0.7056795426 -0.4468383347 0.2983191195
-2.2635760738 -0.1665331032 5.0960433672
-1.9650327015 1.7723177105 0.7202434510
0.0386053606 1.8733097154 -3.5077989161
-0.2234684197 1.7955706827 -3.1741359418
-1.4873815019 -1.3772257250 0.3155530348
-1.8927111951 -0.0802701727 3.5759123674
-1.9452421372 0.8897425523 2.9923251631
1.3617484536 -1.3389114076 0.0616750934
-1.0290151385 -1.9365906042 -2.6915110130
-0.3182689505 -2.1858886205 -4.6768139366
-1.6648680787 -1.7626036581 -0.3349859363
1.9584679961 0.6415443029 3.4240177991
2.7038819578 -2.4054255726 1.5249054565
0.3652437141 -0.3149754168 0.0341934575
-2.7382239468 -0.6964459339 7.0128334439
0.0670021683 -1.9329892029 -3.7319579678
2.1040172070 0.5313698262 4.1445345152
-1.4556568192 1.5669292976 -0.3363306486
0.5905952468 -2.3758574676 -5.2958959610
-1.7525400350 -2.1765189219 -1.6658380432
0.9621743483 -1.5296795523 -1.4141400562
-2.0731711051 0.1375246072 4.2791254137
-1.1740125894 2.6084232873 -5.4255664858
-0.8980974445 -2.4474998037 -5.1836762695
-2.3102962517 2.3591217124 -0.2279864835
1.3543597804 0.9379614797 0.9545186774
-0.1399872460 2.0709630991 -4.2692917287
-2.7383822238 0.2438727758 7.4392632728
-0.8625497672 2.1782076035 -4.0005962630
-0.4273663231 -0.5461801120 -0.1156707405
-2.1655466257 -2.2558814879 -0.3994090992
2.5173723081 -1.3337220834 4.5583487418
2.6944022490 -0.0211168743 7.2593575568
0.4203920720 -1.5813773638 -2.3240248727
2.5802193452 1.4334729977 4.6026870344
-1.9471179481 -0.7885295346 3.1694894771
-1.2994383664 2.7472624816 -5.8589110746
-0.7271925699 -0.6775413227 0.0697467897
-1.5542677024 -1.2735524809 0.7938121691
-0.4614837953 1.0745852836 -0.9417662384
-1.2719870980 1.6236732059 -1.0183635019
-2.0157007984 -1.8864409644 0.5043901967
0.2438971946 1.1487236136 -1.2600800990
0.1630744926 0.9732287090 -0.9205808299
1.0342109444 2.5091939462 -5.2264619822
1.8509272044 0.2503942047 3.3632342582
-1.6189992419 2.5897689017 -4.0857444191
1.4545176311 -1.4381323781 0.0473968022
-1.1124256421 1.0041716339 0.2291301389
-0.4804190936 0.7228949859 -0.2917746551
-1.0104962421 -1.5545272070 -1.3954521822
-2.5769913774 -1.9002603359 3.0298952150
-2.4558034032 2.1093670664 1.5815409342
1.8846505044 2.6066973692 -3.2429636510
2.6938108544 -1.7147372296 4.3162931526
-2.6098290651 1.5587566810 4.3814853586
-0.5171436764 -0.6224268508 -0.1199776025
1.6936024545 2.6034032372 -3.9094191415
1.9982950606 2.2602239402 -1.1154291110
-0.3412802065 -0.4007638521 -0.0441394858
1.3455481275 1.4193424089 -0.2040331103
1.4018781890 2.0116157760 -2.0813355733
1.6040132362 -2.1393502568 -2.0039610594
-2.1638082173 2.3385990977 -0.7869797387
0.4909651837 -2.1438489728 -4.3550416066
1.5097383499 -1.7152182984 -0.6626639260
2.0544279455 2.0960256152 -0.1726491962
2.3604217056 -2.7003699617 -1.7204073020
0.7283347547 2.2765428362 -4.6521757702
0.1746928232 -1.3021145724 -1.6649847771
-1.4948648551 2.3762998451 -3.4121800188
-2.8258513661 2.2089741110 3.1058693204
1.3254022592 0.0441701612 1.7547401456
-0.5993233779 2.6557173084 -6.6936459106
2.0796240030 -0.8119886457 3.6655104333
-1.1942143256 2.4628922091 -4.6396901778
0.9248259977 -0.5572737360 0.5447491092
1.1501102888 1.2325529833 -0.1964331803
1.0531747995 2.2065294580 -3.7595950908
-2.8190520639 2.7662732771 0.2947866957
-0.7875077033 -0.6763230511 0.1627555134
-1.7756803486 0.2906455500 3.0685658647
-1.9361928366 0.2965665589 3.6608909766
2.8271307689 -2.6003485688 1.2308557047
0.3880187596 -0.1527565985 0.1272239794
0.3884807313 -0.5195238271 -0.1189877284
-0.2790038876 2.3604194279 -5.4937367065
2.6029862615 -2.7187424711 -0.6160231467
-2.6201877570 0.3254873740 6.7594418513
0.5041272513 1.4928428107 -1.9744353719
-1.7430365288 -0.1835764641 3.0044760226
-0.7458819044 -1.8398727319 -2.8287918544
-1.3025043123 2.6002635111 -5.0648528434
-1.1872228869 0.6254835886 1.0182684637
2.4894425634 1.7355822937 3.1850783785
1.8131429116 0.9459446570 2.3926759238
-0.4422450956 0.0654975650 0.1912907935
0.4380235872 -2.8138506684 -7.7258909209
-0.3832918758 2.7013179334 -7.1502059155
0.7531046033 -2.6138304155 -6.2649428975
2.3677690736 -2.8076166740 -2.2763810022
-0.6395234594 -1.8206447334 -2.9057569900
-1.1295965313 0.0646653986 1.2718067097
1.6638049222 -1.0299853064 1.7073770876
0.8097942203 -2.3304640691 -4.7752960983
-0.2672115833 -1.2895892798 -1.5916384803
-1.4158667255 -2.1249852639 -2.5108837874
-1.3892974927 -0.1190736211 1.9159689960
1.0445819366 1.9399906516 -2.6724123059
-2.1708866728 0.4080239027 4.5462654410
2.4678891663 0.2136575414 6.0448273923
-0.0154130346 2.1647428210 -4.6858739196
2.0630112255 -2.5523200305 -2.2583222216
-0.1584309226 2.6430781716 -6.9607618641
0.0694020888 -1.6430151204 -2.6946820359
1.7572173711 0.5422615864 2.7937652613
0.8080329927 0.1495017835 0.6305665340
1.9746317559 2.0818674244 -0.4350014011
-1.1920414785 2.0844798261 -2.9240932591
-2.2172534182 2.1969389824 0.0896718282
-1.6226797239 -0.8319790762 1.9409003031
2.4725366922 -0.3798423320 5.9691574972
-0.8216929359 -1.6024854986 -1.8927804924
0.3033239921 0.2885805110 0.0087267328
-1.1983256611 0.5293575961 1.1557649257
-1.7481204288 1.5428195545 0.6756328559
-0.2207968887 0.5076013302 -0.2089078443
-2.7124936614 0.6044995749 6.9922021270
1.7844358795 -2.7548693662 -4.4050938166
2.0652618985 2.4869622043 -1.9196742960
-2.4936286584 -2.4157670982 0.3822532134
0.7055472144 -1.3865682505 -1.4247746416
1.3478836326 -1.1774974079 0.4302901414
0.9945816812 0.5645858092 0.6704355846
0.3825220289 -2.0629525621 -4.1094501711
1.7199077901 1.7954794462 -0.2656636351
-0.5250230653 0.7934094994 -0.3538494146
1.1320879837 1.7762184162 -1.8733286593
-2.2318307808 2.2740028097 -0.1900201444
-1.4848906478 -0.3626548266 2.0733817127
-0.6095275991 0.4236523477 0.1920425824
2.0211872340 2.1404205682 -0.4962023738
-1.4069948514 2.3225661634 -3.4146790715
-0.0133979948 -0.4805757594 -0.2307735542
-1.4640859260 -1.9286591756 -1.5761786168
1.2068667973 -2.6891541676 -5.7750226709
2.3700861729 -2.1782865756 0.8723760612
1.1559199787 0.0481427492 1.3338332729
2.4982595755 2.7273121670 -1.1969307497
-1.6608130200 1.4720575819 0.5913463631
-1.3961340261 1.4911154370 -0.2742350277
0.8209106905 -2.7645502722 -6.9688438460
-0.3994734979 0.7025662285 -0.3340202299
-1.9660506524 1.4356743867 1.8041942232
0.0696231429 0.5551240583 -0.3033153381
-2.2094382398 -2.6735161002 -2.2660710026
1.8625441815 -2.0368643285 -0.6797454643
-0.5240286853 0.4321189481 0.0878792777
-1.7767528663 0.9598612663 2.2355170974
-1.3014065425 2.0049358459 -2.3261087573
-0.2203365802 0.3498429762 -0.0738418994
-1.6548652921 -0.4713323225 2.5164249767
0.3745352286 -1.7521516083 -2.9297586210
-2.2225059036 0.6365530508 4.5343327049
-2.0486919628 0.1433627186 4.1765858895
-2.1249451865 -2.3141926804 -0.8400957164
-0.8547648108 1.9704768003 -3.1521559386
-1.7374470623 -2.2639581709 -2.1067843052
-2.5085740034 1.1303515548 5.0152488932
-1.7883910899 -1.9114054047 -0.4551279306
1.7505493315 -0.5808441062 2.7270430863
-0.1864041606 1.3173495725 -1.7006633850
-0.1711076355 -0.8705558011 -0.7285895799
1.0283478994 -2.2073634537 -3.8149540143
0.0939134939 0.8122155919 -0.6508744234
-1.2577927812 1.4260421664 -0.4515535799
-1.2084889663 2.6740048625 -5.6898564230
1.2706476283 2.3375347266 -3.8495232029
0.5414698191 -1.9062837988 -3.3407283565
-1.7018865892 -2.3476529307 -2.6150563205
-1.0769190587 2.2280940834 -3.8046485853
2.3028547185 1.3488976616 3.4836149530
1.7798480295 2.2923073575 -2.0868140134
0.5324923786 -0.6677646164 -0.1623614497
-2.7449441133 -2.5459821063 1.0526932998
1.4360578260 -1.8439886887 -1.3380322044
0.7734465725 0.6273660148 0.2046314839
0.5562843256 -0.1538595080 0.2857795026
-0.9933494561 1.2524223792 -0.5818186740
2.1235772334 -0.5754641941 4.1784212278
2.6072577474 -2.5904898785 0.0871551510
0.6006394607 0.3165957087 0.2605349190
-1.4727065290 2.2192159744 -2.7560550204
1.4060063974 -0.9820242916 1.0124822803
2.3616510228 -0.4960032182 5.3313763611
-1.1096715329 0.7992736799 0.5925324957
-0.9692398093 -2.7256503558 -6.4897440543
-1.6918541334 -1.4483710045 0.7645918421
-1.9219358961 -0.1784782177 3.6619831146
0.0256504489 -0.2457625888 -0.0597413045
1.0653098409 0.4343943196 0.9461866321
0.1970259581 -0.0438152642 0.0368994508
-0.4419539998 -1.2927539916 -1.4758895449
0.7154833176 2.5938322370 -6.2160492960
0.9016639547 0.4137873541 0.6417779129
-2.8151044415 0.0278875598 7.9240353006
1.5615688406 0.7699595653 1.8456595117
1.5231981032 2.1986950379 -2.5141274080
-2.7844003824 1.2863664534 6.0981468370
-0.3546706522 1.7862036748 -3.0647322963
2.2305068877 2.5196584729 -1.3735178439
-0.4233583693 -2.8284995439 -7.8211773607
0.6805920757 -0.9704448387 -0.4785576115
-0.4234570239 -0.5607864454 -0.1351655862
-0.0138464888 -2.4594669909 -6.0487861542
1.7657676893 -2.8006954868 -4.7259596776
-1.4947419978 0.4144751501 2.0624639899
0.9406840329 0.4873182229 0.6474073994
-1.3928890712 0.0029133076 1.9401314772
-2.4319938960 0.5690963337 5.5907236731
-2.2238701484 -2.5515910847 -1.5650186268
1.1811159158 0.1056835461 1.3838657948
-2.0467764481 -2.3782361717 -1.4667134598
1.0049994660 -2.0357283884 -3.1341661449
-0.2101878002 1.2886907438 -1.6165449218
-1.2853820218 -2.6193430782 -5.2087512193
2.5447372834 2.5250074039 0.1000254518
-2.7195170072 -1.1097449751 6.1642388429
1.8293707669 -1.8918080057 -0.2323401279
2.4879485245 -0.9401018466 5.3060963788
1.9463904933 -2.1548884017 -0.8551080714
-1.7445207982 -0.9341984053 2.1706261550
1.2094177115 -2.1239949115 -3.0486631829
-2.5038706446 -0.5214511487 5.9974569043
1.2219904482 -1.1218766858 0.2346533572
0.7443454253 -0.1863067399 0.5193399108
2.6318536750 1.0485046437 5.8272917785
0.2392839778 -0.0869705265 0.0496929495
0.2461420499 -1.9615138528 -3.7869506859
2.1270423080 2.3815424238 -1.1474353364
0.7400513311 -0.3496165136 0.4254442660
-0.5399385367 -0.8616938180 -0.4509826126
-2.7383099168 1.9244709520 3.7947527557
-1.4970011967 -1.3889090073 0.3119443522
0.0294908848 -1.1638390337 -1.3536515840
0.3889119641 0.0739024524 0.1457909433
1.5088491298 2.6365616802 -4.6748317973
1.6474052389 -0.3374580521 2.6000660842
-1.9102200977 -1.0509456896 2.5444539791
-0.3471024428 2.3696000661 -5.4945243674
-0.2508355114 2.0955245368 -4.3283046304
-0.5942708463 2.0189201787 -3.7228808490
-2.3850775891 -1.9852421110 1.7474088671
-0.3588782271 -2.3198457729 -5.2528908280
-0.3711663623 0.3718012057 -0.0004716681
-1.2634464860 -1.9521963714 -2.2147736493
-2.6453719728 2.2492110574 1.9390424940
-0.7099586778 -2.3398276130 -4.9707519342
-0.8416972683 -1.3982142205 -1.2465487149
-2.5573110039 0.6933673096 6.0590813445
-0.6257222716 -1.0601604402 -0.7324117977
2.6185660908 0.6386340964 6.4490348630
-2.2897572839 2.5250827130 -1.1330542881
-0.2150117928 -0.3846331129 -0.1017125605
-1.2915505750 -0.9990202742 0.6700613794
2.5976953265 -1.9904883442 2.7859771609
-2.0044219136 0.1649775422 3.9904896184
-2.0240708384 1.3721450750 2.2140806520
-0.0492268973 1.6818934999 -2.8263424576
-1.5973000784 2.8220495533 -5.4125961407
-0.3245798878 0.2558151607 0.0399107071
-1.3715966842 -0.0800430618 1.8748705724
0.3451800751 1.0375496428 -0.9573599770
2.1174799600 -0.5854009422 4.1410271178
-2.4083717633 -0.4828176897 5.5671416287
-1.5000546990 -2.5979777320 -4.4993241961
-1.0965892995 -0.7367972145 0.6596379564
-1.1944423373 1.3898697883 -0.5050455312
-0.0715973739 -0.2835506418 -0.0752747825
-0.4287213385 2.3404312250 -5.2938163330
0.8766718682 -0.2170632309 0.7214371183
-1.0255136823 2.2207497551 -3.8800511623
-1.7312918157 -1.1435953795 1.6895609592
0.2232672134 1.4339525962 -2.0063717995
-1.9274930527 -0.1491885172 3.6929722545
1.4799479302 -0.1765049867 2.1590918657
1.6172151911 -1.0656142479 1.4798512489
1.1066430183 -0.7985344734 0.5870014647
0.0089224727 0.0636093630 -0.0039665405
2.1542322079 -2.4757214864 -1.4884804726
1.6617907351 0.6453688849 2.3450474496
-1.7722581566 -1.6148311508 0.5332193283
-0.8165021640 0.1727047751 0.6368488445
1.8326214809 -0.9431044229 2.4690555395
1.8235830053 -2.4296231779 -2.5776138092
-2.6354413204 -1.5435052059 4.5631426328
2.5719987099 -0.9284337570 5.7531881227
-1.3703237016 -1.5174229845 -0.4247854667
1.7943530774 -1.4565753626 1.0980911794
-0.8458934713 -0.3338240078 0.6040972966
2.1634419679 -0.9493596987 3.7791973110
1.9260787527 1.8979153526 0.1076966761
-1.9530243565 1.8646759650 0.3372876823
2.2368298748 0.6890244225 4.5286532340
-2.4460123831 -0.1531218950 5.9595302636
-1.5977557852 -0.2745467044 2.4774476564
2.8099596947 2.1530862458 3.2600931039
-1.4556887158 -0.5378002125 1.8298005688
2.6741936570 0.6355097854 6.7474390276
-2.4677051324 0.4569247966 5.8807883508
-1.2657130975 -0.8800313322 0.8275744996
0.6405689270 0.0399239895 0.4087346253
-1.7882724822 0.9362640122 2.3213281702
-0.1075736345 2.8114110226 -7.8924598514
0.5336879782 1.8984143933 -3.3191543506
0.0183344324 1.0454800147 -1.0926923096
0.1088803492 -1.5309825970 -2.3320527820
-1.7769466907 -1.6968174107 0.2783502164
2.0509042673 -0.7844102672 3.5909088465
-2.4620380355 2.3765445497 0.4136672915
-1.5792412415 -1.2984896296 0.8079275808
2.6913040762 1.5587945029 4.8132773281
0.9637217518 -2.0290922647 -3.1884558039
0.6565886959 1.5942746210 -2.1106028515
-0.5708062085 0.2542380097 0.2611827621
-1.8669445151 2.0421533898 -0.6849086448
-0.3244634770 -1.7874308234 -3.0896324004
-1.8517044674 1.0921354152 2.2360496696
0.9951599396 -0.8127349090 0.3298052732
1.7242585682 -0.7003428600 2.4825874886
1.5466682577 -1.0121989827 1.3676359189
-0.2690275649 0.0128919971 0.0722096271
-0.3375290535 -2.0054198682 -3.9077829858
-2.7812710925 1.1984995296 6.2990677678
2.3190520242 -1.9622518327 1.5275700359
-0.8036867477 2.6493336637 -6.3730564734
-0.3209483516 -0.7263984058 -0.4246467996
2.7404275160 0.5875389423 7.1647409614
-2.2807668736 0.8107796618 4.5445338717
-2.5651555061 1.3810417983 4.6727463221
-1.4527845235 -1.4788203970 -0.0763268947
-1.1590768131 -0.4508212361 1.1402192716
-0.6586383817 1.4688411526 -1.7236898138
1.3867379675 0.2552761502 1.8578762777
-0.5094682500 2.0563419278 -3.9689842261
-0.3351773761 2.2521106422 -4.9596584712
-1.7832897842 -2.4558863139 -2.8512551323
-1.5841284522 2.1881250244 -2.2784281693
2.4272761845 -1.6801182706 3.0688722723
0.3075319916 -2.2137745210 -4.8062217038
-0.3966155650 2.4244429728 -5.7206198218
0.6366985862 -1.2745812984 -1.2191723967
-0.2855147818 1.1067131871 -1.1432953878
1.2366161737 -0.4861392333 1.2928882069
2.6232163810 2.4254775245 0.9983229600
-2.3979886575 2.8046015496 -2.1154402505
-0.0270396480 -1.4702726519 -2.1609705284
-0.4044116530 -1.6012026146 -2.4003010279
-1.4716269886 -2.7402118385 -5.3430749260
-1.1988543848 -1.0467959307 0.3414701154
-0.9735506577 -2.4719365356 -5.1626693532
2.6870787358 -2.7491992557 -0.3377044154
1.5319036702 -0.8901211409 1.5544132094
-1.1600869783 0.5394551417 1.0547899474
1.1814724600 0.0392780573 1.3943344080
2.0121718622 -1.1230011732 2.7877039682
2.0158341529 1.2798999808 2.4254433710
2.3889888707 -0.9672437333 4.7717073849
0.7681805894 -1.5809563541 -1.9093215757
1.1498216485 -2.4723503418 -4.7904263891
-0.0398911228 0.3925018597 -0.1524664082
0.2973811362 -0.8349402194 -0.6086896298
-1.5564935646 -0.6291410812 2.0268537166
-2.2048879109 -2.1651865398 0.1734979475
2.7130049123 -2.2496130850 2.2996366220
-0.9782207689 -0.0859389244 0.9495303740
0.0075108722 -0.8264513182 -0.6829653681
-0.5359944016 2.0568680700 -3.9434162588
-0.1850149289 -2.0835913954 -4.3071225790
1.2052276915 2.7969787219 -6.3705161824
0.4642038050 1.7564939465 -2.8697858115
-1.9041774549 1.5940679134 1.0848392670
-1.0750537737 -2.1439552884 -3.4408036624
-0.4678149858 -1.2519582990 -1.3485487216
-2.4028215803 1.4643740756 3.6291601136
2.2475040449 -2.3266704220 -0.3621208210
-0.7062618966 -0.0349392414 0.4975851160
-1.9830629812 2.7978236265 -3.8952782575
2.4637680995 2.3625200403 0.4886523073
-1.0482880982 2.6371112475 -5.8554477947
2.4059317008 1.0759763917 4.6307821534
2.3135767527 2.6881937141 -1.8737480540
2.5642726491 -2.3086851624 1.2454670395
-0.1854434637 1.6548442223 -2.7041201219
-1.7500021970 1.3467407957 1.2487969187
0.7268992590 -2.4931973545 -5.6876505158
-2.6595975046 -0.0539961862 7.0705432984
2.6463144123 -0.7976874056 6.3666747715
-0.7320784870 -2.0880094312 -3.8238444737
-1.6336612861 -2.7892069726 -5.1108263384
-1.5430439648 -2.2590435505 -2.7222930855
-2.4442880117 -0.4325738170 5.7874237770
2.3501135713 -2.1030220641 1.1003319961
1.3774841258 1.8695486311 -1.5977495671
-0.3867003863 -2.4486262467 -5.8462333073
2.3717286222 -0.5482098178 5.3245626530
-0.7353363367 1.7153745814 -2.4017904263
-0.3219942813 2.7729051539 -7.5853226755
2.7014537076 -2.1449934006 2.6968554452
-0.3566613709 1.8844787615 -3.4240528690
0.8423261730 -0.7660915951 0.1226170497
1.4592350943 -1.4436705651 0.0451823600
1.0806282360 1.0868757162 -0.0135414380
2.0649835299 -0.5397062350 3.9728741587
-2.2011923708 0.2954618555 4.7579501451
1.9440542186 0.6052716674 3.4129930134
-1.0865371924 -0.1710838825 1.1512933757
-0.0285438799 -1.0902746611 -1.1878840836
-0.0874401217 0.9409802132 -0.8777979867
1.4700080384 -1.4642759074 0.0168197001
-0.6430772319 0.9065752156 -0.4083302953
-2.2329290371 1.9510299140 1.1794543595
1.7561795696 -2.2176445760 -1.8337807845
-0.9808365020 1.6080656120 -1.6238347688
-1.2013556584 0.1298559251 1.4263928567
0.1352055924 -1.5920397679 -2.5163100705
1.3026227990 -1.2652524528 0.0959623873
-0.2362755157 -1.7524612907 -3.0152944562
1.9471782356 0.3248070565 3.6860034572
-2.3925889383 -0.6949636848 5.2415073043
-2.3167402283 -1.9080243332 1.7267284292
-0.2892731527 -1.8224642888 -3.2376971272
-2.2870152957 -0.6701502369 4.7813376226
-0.4984485670 -1.8039317106 -3.0057186426
-2.1474147641 -1.9755777863 0.7084825794
-1.7965862367 1.2232456792 1.7313921143
1.7915399743 2.5964253467 -3.5318091015
2.5969749347 2.7430653101 -0.7801284836
-1.2227618612 1.2277149870 -0.0121375201
1.7628920144 -2.6303267513 -3.8108305638
2.7710942918 -0.5328934012 7.3949881969
1.8355663654 0.7840709745 2.7545365887
2.3585923691 -1.6793368269 2.7427857856
-0.0645581760 -2.3376362557 -5.4603755059
0.6342940673 -2.5329639826 -6.0135775733
0.7973456582 1.2353844525 -0.8904146469
-2.4048873376 -2.7276818798 -1.6567653305
-1.9121544760 1.8221983989 0.3359277353
-2.1860070123 0.7133443341 4.2697665188
0.9123456003 2.0620279461 -3.4195847562
-1.2518654287 1.4064814924 -0.4110231370
-1.6232241969 0.0703818408 2.6299031899
-2.1061484858 -2.7774796923 -3.2785319971
1.1899997915 -1.3262068634 -0.3427251408
1.9261897285 2.0950911394 -0.6792000120
-1.1296891142 -1.7130970541 -1.6585040220
0.5537196436 1.0702166641 -0.8387582644
1.5196821311 1.4095178853 0.3226931104
2.2761442381 -0.1153546687 5.1675258930
1.5167561583 -2.5448579668 -4.1757528272
0.7873413306 -2.7179312210 -6.7672437510
-0.2553369703 2.0541752356 -4.1544389303
-2.0091883213 1.5441026551 1.6525847009
0.4648480015 2.2569560673 -4.8777670252
-0.0799451549 -1.9441102671 -3.7731735028
2.1004762394 -0.8813551174 3.6352135893
-1.6987056419 1.9454418288 -0.8991430515
-2.2047864072 2.0910985046 0.4883901458
-0.6598240358 -0.5352656861 0.1488584035
0.9278254930 -1.6364010716 -1.8169483214
-2.6842301672 -2.1870535469 2.4218883737
-1.3392078161 0.8775899242 1.0233134998
-0.6504904200 -0.8796337629 -0.3506177704
2.0725787655 2.5193315185 -2.0514485609
-0.7492939414 0.7045177879 0.0650960972
-0.4290955692 -0.1659432233 0.1565858541
2.6840721014 0.4071202452 7.0384961517
0.5795985081 2.5265773646 -6.0476587488
0.2030507569 0.6347509521 -0.3616791613
-1.3920102523 -1.3891452008 0.0079681535
1.0110542672 1.5579681663 -1.4050340760
-2.7909143061 -1.4015031624 5.8249915499
2.1730690143 1.2136906252 3.2491840072
-1.4320591278 -2.1102528198 -2.4023736178
1.0866226822 -0.8268267780 0.4971063325
-0.0563884912 0.9501551597 -0.8996151655
-0.7624502453 0.5417527228 0.2878343638
0.6896752321 -0.6456668100 0.0587662963
0.8108883018 -0.0628014717 0.6535958131
0.6693289400 -2.7021076296 -6.8533844120
1.6955195372 -1.5122507329 0.5878842218
1.7930811694 -1.0982278067 2.0090357648
-2.0622041586 -2.7362778538 -3.2345305011
0.1268349583 0.3917890085 -0.1374115205
-2.5826047916 2.7782332246 -1.0487323408
-2.3317714514 2.4062502480 -0.3528821544
1.7940329254 -1.3323632515 1.4433623034
-1.7463427579 -0.2119603356 3.0047858441
-1.8406290410 1.6103397333 0.7947212100
-2.3605448131 0.4444583878 5.3746285561
1.3985108112 -1.7980788529 -1.2772550722
2.6457294308 1.4165965695 4.9931383805
-1.6667826741 0.5675192770 2.4560863529
0.9499546064 1.5321675344 -1.4451235990
-0.3702981905 0.0831778029 0.1302022030
1.9871387759 -2.0284893241 -0.1660484233
-0.1575974540 0.1946690224 -0.0130590708
-1.6512097238 0.9633753753 1.7984014381
-2.0382327853 -0.0104759055 4.1542831427
1.4685826454 0.5668329429 1.8354354012
2.6051437750 -0.5467869799 6.4877980871
-0.4771526435 -2.6956988186 -7.0391174754
0.2161591785 -0.8161507519 -0.6193772594
1.6440460487 -1.5897895188 0.1754566962
-2.1423378718 1.5436120779 2.2068733096
-1.6191872496 -0.5301891217 2.3406668446
2.0383699851 -2.1801651327 -0.5981678096
2.6023626925 1.3446606960 4.9641791960
0.1289069688 2.5682261143 -6.5791683673
-2.4893291897 -2.5505676772 -0.3086356614
-0.4089107646 -1.2669308578 -1.4379057850
-2.2357277914 -2.5311294066 -1.4081373155
2.5446977424 0.3897621262 6.3235720851
0.4708740337 2.3937556406 -5.5083437115
-0.0247796682 2.5916110405 -6.7158337535
-1.4990560076 1.3565027205 0.4070692832
-0.7508517501 -2.6510482864 -6.4642786660
2.2780168823 -2.7010906898 -2.1065299985
0.0553106759 -1.2214601690 -1.4889056736
1.8865355756 1.1476518645 2.2419116760
-1.9829369240 0.0115677768 3.9319050311
0.7712201992 0.8746514079 -0.1702344897
2.5177074850 0.4338640242 6.1506129885
-1.0637510419 -1.2313205057 -0.3845839087
-1.2520557338 2.4737955437 -4.5520208315
2.3875655660 -0.2401398500 5.6428021843
2.3790039746 -0.1716355151 5.6302011611
1.2981503918 2.4772420119 -4.4515335458
-1.7238965743 -0.7526000818 2.4054125159
-2.0012279707 -1.6227910285 1.3714626688
-0.0137099784 2.0086769876 -4.0345952770
1.7845210103 2.6630575758 -3.9073604158
-1.8665649893 -1.5501756915 1.0810201847
-2.4562038106 -1.8249760159 2.7023997006
0.8154729982 -2.1262114004 -3.8557787083
-1.3779569621 0.4844251121 1.6640977002
2.1996379061 -1.5623398840 2.3975010050
-1.9751784786 1.2274663587 2.3946563605
1.5662131041 2.5761501526 -4.1835261211
-0.3472024022 -1.3692979145 -1.7544272705
-1.9941101686 -1.4317390970 1.9265985227
-0.7013154888 2.7029157276 -6.8139100159
-2.0130726126 -1.8063610368 0.7895211485
-2.2309635592 -2.7597762380 -2.6391664812
-2.5204406627 -0.3859744427 6.2036448639
-1.8848839377 -1.8948980419 -0.0378511309
-2.0417335807 2.2024251919 -0.6820007115
-0.5164941472 1.4640618894 -1.8767110118
-2.1494707805 -1.5906160281 2.0901652872
0.0303327742 0.5881523372 -0.3450030946
-2.6140848335 -1.0938212500 5.6369945897
2.6054349076 -0.3304063993 6.6791226689
-2.4168417178 -2.1633325367 1.1611162243
2.6672371784 -2.0764196727 2.8026355083
-0.5536920289 -0.6264260520 -0.0858347357
-1.9159172408 -0.6829732953 3.2042863516
-1.4700621208 -1.6813560094 -0.6658753915
0.1172737096 1.1514608418 -1.3121089473
-0.3607110581 -1.3173108827 -1.6051954943
1.2423380483 1.7551843743 -1.5372683617
-2.2671237368 0.6341469183 4.7377077242
-0.4984028734 2.6136207252 -6.5826078709
0.9638943104 0.8939676666 0.1299140526
-1.0399389922 2.6247506241 -5.8078427313
1.4167724929 1.5609088898 -0.4291922656
0.8503654597 -1.7692419631 -2.4070957091
-0.7028786298 0.0987199077 0.4842927480
1.6221974970 -1.8081354143 -0.6378289570
-0.8972387641 -2.7118479566 -6.5490819397
-1.6751560582 -2.7869172748 -4.9607600773
2.1206077348 1.3059735840 2.7914101627
-1.3350770203 1.0410947525 0.6985523665
2.2749810583 -1.5712166886 2.7068169332
1.4998487475 0.4014592949 2.0883767000
1.2189157147 1.4468320087 -0.6075673419
0.5117724770 2.0137466102 -3.7932643418
2.4968776084 -0.5799403890 5.8980669364
2.6668769848 -0.6157773793 6.7330510713
1.9923986409 2.7444672316 -3.5624480408
2.3690320073 -2.2835859292 0.3975479559
2.4791624450 1.4131997193 4.1491129821
2.6905243685 -0.4145710217 7.0670522456
-1.0137173458 -2.4770045711 -5.1079287879
-0.8673997262 0.5220035523 0.4798945764
1.6577690336 0.6395090271 2.3392263731
0.7890021749 0.3780634213 0.4795924814
0.7999325640 2.3701946955 -4.9779307877
-2.0536970117 -0.0433832821 4.2157893066
0.6464952590 1.7807889552 -2.7532531829
-0.0325888129 -2.5577169189 -6.5408538063
2.5530915542 -1.2176057727 5.0357126663
-1.6485756865 -0.0395024257 2.7162413526
-1.0297149603 2.5090002367 -5.2347692885
1.6386031551 -0.0818239664 2.6783251386
0.9190486443 1.4881060826 -1.3698093023
-0.2381637834 2.1512909711 -4.5713308548
1.4165844605 0.2931456307 1.9207771730
1.4163966710 -2.7705278448 -5.6696450092
1.4740568935 -1.4251246289 0.1418635175
-0.3042987557 -1.7511822371 -2.9740414948
1.1312881018 0.9349595730 0.4056633661
-1.2319589379 1.8769719308 -2.0053008043
0.5651137701 -0.1230865687 0.3042032698
1.9154119152 2.6647655670 -3.4321727224
2.0030697380 1.9027558215 0.3918086591
2.1556343250 1.0099641049 3.6267318498
-1.6091974828 -1.2808898408 0.9488377541
0.2416329837 1.8238060517 -3.2678820153
0.4639222899 -0.1202453721 0.2007649416
-2.2042897388 0.1556642886 4.8346618820
2.1294766838 1.2702264773 2.9211956430
2.5375626608 2.3890226640 0.7317949684
1.1008903042 2.0955893348 -3.1795351982
-1.4890853713 -1.6183116925 -0.4015574910
1.3977432526 2.2129898224 -2.9436377540
0.6865888814 -1.8434814451 -2.9270195465
0.1447243187 -0.9850822694 -0.9494419490
-0.4797101743 2.5020131386 -6.0299478944
-2.3987168688 -0.4072166327 5.5880172305
-0.9912928357 -1.2014103639 -0.4607253764
0.1411497637 0.6677449141 -0.4259600145
1.6897490143 -2.8286883545 -5.1462260754
2.6428600826 0.7455499321 6.4288647151
-0.1629845384 0.6922928945 -0.4527054920
-1.2334382240 2.5635821603 -5.0505836403
-1.0523307198 2.6316321402 -5.8180877775
1.1857139952 -1.7176581332 -1.5444317841
-2.1912073373 -0.0318254277 4.8003767373
2.0558699993 -0.4715426364 4.0042489961
0.9169430052 -2.0139440664 -3.2151862278
-0.2375085939 -0.5727433144 -0.2716245720
-0.8134828896 0.1281047834 0.6453435761
-1.7171853116 -2.2133534636 -1.9502081607
-2.2243208416 -2.2500573215 -0.1151547436
0.8936816183 2.6892062719 -6.4331635379
-2.0260506852 2.7683962451 -3.5591363908
0.6281037424 1.8366028306 -2.9785956460
1.2542921922 2.7137488791 -5.7911840753
1.4179224444 -0.2441622602 1.9508888490
-2.0497712429 1.1613440530 2.8528421387
-2.7880076254 -0.0031841757 7.7729763804
1.0095118684 -1.2244427140 -0.4801457474
-1.5378227390 1.9124880488 -1.2927117603
1.8116463103 -0.3316324492 3.1720822721
-0.9639631006 -0.0023083316 0.9292195309
2.1248323812 -2.6088576773 -2.2912257321
-0.1747788962 -2.2003277015 -4.8108943314
0.3008005609 0.6486922816 -0.3303206988
-1.3408848377 -1.0192776623 0.7590451951
-0.4028224297 0.2485062822 0.1005105376
-1.1088044512 -1.3947665666 -0.7159264645
1.0714397889 1.5120061564 -1.1381793958
-1.1164314438 -2.3100401804 -4.0898664661
1.0758491363 -0.5518235201 0.8529421667
-1.1166864717 1.1428768325 -0.0591787781
-2.3072216940 2.3610885758 -0.2514673173
1.8248792736 -0.8158385602 2.6645918070
2.8135782978 1.9315311766 4.1854101519
1.5596177959 0.1268145060 2.4163257504
-2.7795457156 0.7260033937 7.1987934575
0.3276369683 0.5318004034 -0.1754656861
0.6323042907 -2.7606258126 -7.2212461613
0.9027122265 -1.3439897676 -0.9914191315
0.8369706240 0.2966433389 0.6125225549
0.2655087728 0.6499395659 -0.3519265310
1.4388941277 1.7659106544 -1.0480241287
1.0832502823 1.7014741152 -1.7215829908
-2.7196519040 -0.8367929101 6.6962841046
0.1767348816 -1.1316677144 -1.2494365974
-1.3943946170 2.2791622004 -3.2502439876
2.3908779947 -0.2470853582 5.6552464115
-0.0320028781 2.5096774501 -6.2974567192
1.0672292302 2.8219444236 -6.8243920999
0.1300499442 0.8266204756 -0.6663884227
-2.4143755073 0.1291421563 5.8125313936
-0.2766396570 2.0041826715 -3.9402186809
2.1294191238 -0.0470836216 4.5322089373
0.8835989951 0.2985500742 0.6916150374
-2.1658778569 -0.2420458107 4.6324407165
1.3286187616 -0.7621704115 1.1843240774
-0.8750917905 0.7020135298 0.2729626458
1.1473963365 0.8035901142 0.6707612813
-0.1774837781 -1.4978694385 -2.2121123632
2.3966982969 -1.1223578198 4.4844756506
-0.2412655337 -1.6177801869 -2.5590036755
-0.7842608384 0.0974127136 0.6055758259
2.6391251713 -0.2805226446 6.8862887156
-1.4702114401 -0.3030748742 2.0696672993
1.5019001381 -2.1869628821 -2.5271026228
1.7316284919 -2.5368632626 -3.4371379791
-0.0240126361 2.5790525744 -6.6509355749
-0.5784650937 -0.0153988022 0.3343847416
-1.8635172287 -0.0965510282 3.4633743606
1.9421917077 -0.4850291637 3.5368553397
-2.6703718610 0.7857889694 6.5134215719
2.7635023532 0.2972695181 7.5485760897
-0.1702164483 -1.4656281127 -2.1190921254
-1.9944580021 2.3454195492 -1.5231301396
0.3362969141 -2.1728739514 -4.6082855942
-2.7998883352 -1.1096724371 6.6080017720
0.1019550385 1.2730378233 -1.6102304698
1.3759239493 -1.7436416548 -1.1471195062
1.9639757782 2.1482481877 -0.7577694187
0.3475240491 0.9783282656 -0.8363532307
2.6964364471 -0.6386980126 6.8628343619
0.6824920144 2.2802037306 -4.7335337032
0.7255543330 1.6459945687 -2.1828690300
0.0684339601 -1.5239173046 -2.3176407444
1.8477849468 2.4386899143 -2.5328992883
-0.6706078297 1.7120397232 -2.4813651527
2.5890854966 2.2734262118 1.5348969684
2.0979535452 1.0239497959 3.3529358934
-2.3220245576 -1.4138784364 3.3927458134
-1.9428208823 1.3520123039 1.9466157108
-2.0463948318 2.3172934610 -1.1821171768
-2.3041168669 2.2057957275 0.4434197449
0.0207445945 0.9489612781 -0.9000971692
0.3200708850 -1.8293180545 -3.2439591729
-1.1468183313 -1.4385051012 -0.7541046413
1.5288431105 -1.8596647790 -1.1209918337
0.0808503831 1.1704691281 -1.3634611954
0.2708057497 2.0917455893 -4.3020638561
-2.7890000328 0.2898351214 7.6945167852
1.4722215625 0.3042169676 2.0748883657
0.1161385209 1.3184844710 -1.7249131442
1.4715051154 0.9874791661 1.1902122011
0.1569986398 -1.8280671022 -3.3171807573
-0.9658247860 -2.0566788867 -3.2971105257
2.7949853272 -1.8369002975 4.4377402765
-1.0184238813 1.6443072375 -1.6665590893
-1.8805823887 -0.6574420481 3.1043600742
1.1830089505 -1.1597133602 0.0545750992
-0.1878441931 -0.8219802547 -0.6403660982
1.0403237858 -0.4776044531 0.8541675656
-0.7823324207 1.9194987963 -3.0724316126
0.3344848455 0.5697185556 -0.2126991207
-0.1651838036 0.7118248458 -0.4794089222
2.3131971930 2.6058942126 -1.4398033932
-0.5624909139 0.3586956715 0.1877334434
0.9366556783 -0.3307666719 0.7679172685
-1.0267133587 -2.8006250671 -6.7893604457
0.9492803688 1.2963002474 -0.7792611129
0.5043562756 1.2497575773 -1.3075187492
2.2551137794 1.7563748528 2.0006855343
-2.6777962778 -0.2603211587 7.1028257997
1.1684557398 -0.7647756846 0.7804069682
-1.1944251956 -2.0692982792 -2.8553438205
-0.7252058255 2.7228998806 -6.8882602706
-2.3975377986 0.8516606196 5.0228616847
-2.1826446961 -1.1997275483 3.3245916794
-2.5879994706 -1.1907666092 5.2798161422
-2.1032036979 2.3675688533 -1.1819164803
-0.6942455308 -0.7615137261 -0.0979262979
1.5420079799 1.9836283620 -1.5569928685
2.4042216425 -0.4226867238 5.6016176399
-1.8805721536 0.7517025274 2.9714949353
-2.7243747486 1.0700376649 6.2772371668
0.7303967970 -2.3852443186 -5.1559109784
-1.5478606678 2.4674979132 -3.6926733048
0.3558597332 -1.8315539262 -3.2279536348
0.5893694457 1.0353638295 -0.7246219160
2.4238341814 2.5060460311 -0.4052945710
-2.3248083330 0.1532514248 5.3812477861
-2.6020160532 1.3734373072 4.8841575043
1.8542438891 1.0298300578 2.3776704523
-2.2616739333 2.5549600894 -1.4126520778
-2.5025641651 0.3095566799 6.1670020623
-1.9779179610 0.1254201658 3.8964292423
0.4785607638 -0.0074029397 0.2289656011
-0.5501580994 1.1117577135 -0.9333312793
-0.8056519575 2.3754766705 -4.9938143354
1.2134018358 2.7901644868 -6.3126738485
1.4813907253 -2.4306378333 -3.7134817955
-0.5276438944 -2.7997809175 -7.5603651065
-1.5868539450 0.2705071152 2.4449313435
-2.0893780761 1.8411160959 0.9757922662
2.3440799145 -1.1757440800 4.1123365040
0.4732026761 1.8620712024 -3.2433883901
-2.2985905139 2.8122011694 -2.6249570669
-0.8651084452 -0.2517428942 0.6850381373
-2.4096342345 1.1800424364 4.4138369926
-0.0845422097 2.5801911975 -6.6502392304
-2.4266528186 2.4285005346 -0.0089709448
1.6029317539 2.8243165865 -5.4073739727
1.3242394338 -1.0407875781 0.6703712952
2.1674003107 0.1640449249 4.6707133695
0.2803407512 -2.0593661577 -4.1623980346
-0.9802642590 -0.0469985152 0.9587091571
0.1875140263 2.6048632982 -6.7501512925
0.4122613047 -1.5257394585 -2.1579215119
1.1254845579 -1.8963337433 -2.3293661758
0.7976381794 -0.1305475916 0.6191839916
2.4795300826 -0.8870190198 5.3612666891
-2.6269820688 -2.5935102413 0.1747394183
-0.3040308638 -1.1659839316 -1.2670837626
-1.9747602227 -2.3629107589 -1.6836693174
2.3666864159 0.2867430090 5.5189830380
1.2521498061 -2.1675092814 -3.1302173483
1.2131990903 -2.4333541920 -4.4493605913
-1.4757496618 2.4026082802 -3.5946894841
1.8147579690 0.9374845295 2.4144692431
-0.0057020390 0.1921312765 -0.0368819142
1.5140599780 1.0261341731 1.2394262757
1.7028471370 2.8122741452 -5.0091974959
-0.2447607271 -2.7182052427 -7.3287319282
1.2993753318 -2.7548501702 -5.9008232074
1.8002023331 0.7327162050 2.7038554030
-0.9597918191 -1.1502927873 -0.4019731605
1.3363671418 1.6750230246 -1.0198249954
-0.1954200488 0.9746897943 -0.9118311996
-0.6185433234 2.3076020326 -4.9424312980
1.0820327068 0.8743681369 0.4062751398
2.0615837532 -1.8830350283 0.7043066536
1.6862567224 -2.0862891720 -1.5091407752
-2.4465218743 -0.2807233848 5.9066636625
0.5529394323 0.7491386325 -0.2554666749
-0.7010740325 -1.0684246895 -0.6500265181
1.6570276867 -2.2683653265 -2.3997404999
-0.4811033976 -2.1401043967 -4.3485863496
-2.0612040916 -1.9727123291 0.3569683735
1.3811390510 1.6102662749 -0.6854123980
0.6656665326 -1.2072739283 -1.0143984053
-0.6379680443 -1.1616103516 -0.9423353833
2.4339282478 -2.2254620302 0.9713254675
