-5.783158688303221 1.08691723654977
2.9699130512798266 1.7121366465199876
-5.694884188201447 1.093222557985611
-4.942847713900003 1.1469394490071427
-5.802828789550082 1.0855122293178514
4.827939585216468 1.8448528275154619
4.472119500626981 1.8194371071876416
-3.988619465885426 1.2150986095796124
-4.108704786681837 1.206521086665583
-6.324207040593855 1.0482709256718676
4.734273091666282 1.8381623636904487
7.385163121493061 2.0275116515352187
4.619330162510071 1.829952154465005
-0.3759600852638147 1.4731457081954418
0.9073740872184359 1.5648124348013168
6.287525153583456 1.9491089395416754
2.4457149711531194 1.674693926510937
0.8614418622596176 1.5615315615899727
6.674641920548025 1.9767601371820018
0.3813392893300929 1.5272385206664352
-6.7003808640028595 1.0214013668569386
6.344135682687835 1.9531525487634167
-3.380965598780694 1.2585024572299504
-3.223770288078594 1.2697306937086719
5.715152795565084 1.9082251996832202
1.1202967778387425 1.5800211984170531
1.0035988685218484 1.5716856334658462
-6.913638861144328 1.006168652775405
3.648251982969308 1.7605894273549505
-1.8462874582573114 1.368122324410192
0.6309735001396852 1.5450695357242632
4.5070557280483285 1.8219325520034522
-5.645763979537707 1.0967311443187353
6.953755452483787 1.9966968180345561
-3.693543728738714 1.2361754479472347
2.9326435482373796 1.7094745391598127
5.933738132783743 1.9238384380559816
2.582779668720887 1.684484262051492
3.3630605200269112 1.7402186085733509
-4.894425432806672 1.150398183370952
6.595573472715248 1.971112390908232
6.461034268708101 1.9615024477648644
-6.135063264840461 1.0617811953685385
6.016198947816639 1.929728496272617
1.5638669749904235 1.6117047839278873
-1.451705769608603 1.3963067307422425
5.72204228557683 1.9087173061126306
-7.404034271901725 0.9711404091498768
-6.805388958530909 1.0139007886763638
1.5750269479895174 1.612501924856394
-2.4729600190115733 1.3233599986420306
2.1729384772163662 1.6552098912297404
5.8831152204432 1.9202225157459427
-5.298282323653439 1.121551262596183
7.709620997476174 2.050687214105441
-3.0545978218832186 1.2818144412940558
-7.246484933864204 0.982393933295414
2.72308800366414 1.69450628597601
5.301546449304759 1.8786818892360542
6.540875884219632 1.9672054203014024
6.4663734943042765 1.961883821021734
-0.4084631358559179 1.4708240617245774
-2.1729892749435127 1.3447864803611778
-3.5142067096225205 1.2489852350269628
6.922677645103418 1.9944769746502442
-5.610877524400369 1.0992230339714022
-2.9757819500374136 1.287444146425899
5.574183490091185 1.898155963577942
-1.091365829956045 1.4220452978602824
3.1287737960641984 1.7234838425760142
3.2952082574784924 1.7353720183913208
6.468153706699219 1.9620109790499443
2.18162595256317 1.6558304251830835
7.765960216757206 2.054711444054086
2.576592118307463 1.6840422941648188
-7.584128962922314 0.9582765026484061
-7.585212833616579 0.9581990833131016
-3.647889417911033 1.239436470149212
-6.899809783545306 1.007156444032478
-3.4566741604142894 1.2530947028275508
4.965900686098445 1.8547071918641747
-2.5643989676753076 1.3168286451660494
0.6895699154283914 1.5492549939591709
-4.996236765893736 1.1431259452933045
-0.6201121055391337 1.4557062781757761
7.496062532250534 2.0354330380178953
3.6009794354399194 1.757212816817137
-6.912056409066521 1.0062816850666771
4.02984037086437 1.7878457407760264
2.9102754499857824 1.7078768178561272
-4.954331632816615 1.1461191690845274
-2.0055678461799147 1.3567451538442918
3.3951007397650876 1.7425071956975062
-5.138316253387799 1.1329774104723
1.3989889804497473 1.599927784317839
4.459451812469435 1.8185322723192454
-1.2484666921141958 1.4108238077061288
-7.853026905601146 0.9390695067427753
-6.816133348298358 1.013133332264403
-3.7624737556232777 1.2312518745983372
-4.560765797076236 1.1742310144945547
2.3338621768064343 1.6667044412004597
4.104881144340451 1.793205796024318
0.4438451086253643 1.531703222044669
-2.2052549836847515 1.3424817868796606
7.053683245939208 2.0038345175670864
7.027265001383119 2.0019475000987943
-3.9659493424564314 1.216717904110255
-4.429935411618823 1.183576042027227
-5.32053943341424 1.11996146904184
-7.484406217308496 0.9653995559065359
7.976812846371367 2.0697723461693833
0.040307913287478 1.5028791366633913
7.59098744994148 2.0422133892815344
3.3059156869335666 1.7361368347809691
7.1914461934539595 2.0136747281038545
-7.194602856357832 0.9860997959744405
5.312747581299469 1.8794819700928191
-7.975339142666829 0.9303329183809408
-7.5966027903875855 0.9573855149723153
3.338905008509224 1.738493214893516
5.7636414498364505 1.911688674988318
-7.150104529586233 0.9892782478866976
-4.990086449507901 1.1435652536065786
6.500021827561724 1.964287273397266
1.9707767624364276 1.6407697687454592
3.141927685736528 1.7244234061240378
1.646844534384016 1.617631752456001
3.1536056092599356 1.7252575435185669
-1.3208750154657114 1.405651784609592
1.199830983188395 1.5857022130848855
2.27579082503323 1.6625564875023735
-3.409878630150965 1.2564372407035025
1.916248435403162 1.636874888243083
-4.836429536778253 1.154540747372982
-4.686611823858742 1.1652420125815184
-2.3196293624086763 1.3343121883993803
4.023776914462035 1.7874126367472882
-1.8667966755093541 1.3666573803207605
-5.451518880566546 1.1106057942452467
-2.5061409601472064 1.3209899314180567
-5.909997979043997 1.0778572872111432
-0.9079237971787162 1.4351483002015202
-3.553079241666465 1.2462086255952525
2.915570458381083 1.708255032741506
4.388616796570021 1.81347262832643
-4.8065764887456215 1.1566731079467414
7.470239177351832 2.033588512667988
-7.20976213055121 0.9850169906749136
3.170063245480618 1.7264330889629014
-3.5025076260653947 1.2498208838524718
0.7921054538026322 1.5565789609859022
-2.4599083114641953 1.3242922634668433
0.9939060082848705 1.5709932863060623
-0.4769494644149983 1.4659321811132144
-7.256405684086918 0.9816853082795058
-6.240999918706693 1.0542142915209505
-7.126627322008213 0.9909551912851277
0.8740655892148688 1.5624332563724905
5.517849382961973 1.8941320987829982
7.383674265979584 2.0274053047128273
5.942008260485073 1.9244291614632196
-2.6332743185173246 1.3119089772487624
-5.063496461551109 1.138321681317778
5.575214969122635 1.8982296406516168
-0.5506977124597103 1.4606644491100207
0.2919135695421673 1.5208509692530119
6.718496203826907 1.9798925859876362
6.345443615517832 1.953245972536988
5.042479880501684 1.8601771343215487
0.5815403055550217 1.54153859325393
-0.7574198627245607 1.44589858123396
1.3690548316772233 1.5977896308340873
-7.432514948567443 0.9691060751023255
-7.070942895149896 0.994932650346436
-7.571076153470749 0.9592088461806608
6.1711054733368655 1.9407932480954904
-0.7326225555529238 1.4476698174605054
-2.797170210870803 1.3002021277949427
-6.086541328378278 1.06524704797298
0.7917643072184823 1.5565545933727487
3.9209243616236478 1.7800660258302605
-1.989667794615647 1.357880871813168
5.654404848596828 1.903886060614059
5.969956708191836 1.9264254791565598
4.28314590548578 1.8059389932489842
-5.628806541988439 1.0979423898579688
-7.799295812909547 0.9429074419350324
-1.380543216623499 1.4013897702411786
5.267777274203473 1.876269805300248
-3.5856673636580236 1.2438809025958555
3.323300561184549 1.7373786115131822
-5.136174062244358 1.133130424125403
-6.405634592135463 1.042454671990324
-5.057251789465994 1.1387677293238576
-4.233494679918435 1.197607522862969
-5.1888952328010784 1.1293646262284944
-7.713578287929648 0.9490301222907395
-1.4665199563687281 1.3952485745450909
-4.706006601079025 1.1638566713514982
2.342488599093686 1.6673206142209775
7.154490179597628 2.011035012828402
6.8534995817434385 1.9895356844102456
7.844869948495836 2.0603478534639885
4.322387828958604 1.8087419877827573
7.44259125188044 2.0316136608486026
-2.6702619261515945 1.309267005274886
-4.491527595045021 1.179176600353927
0.0908665358223395 1.5064904668444528
-2.7827629951428587 1.301231214632653
5.145021218547599 1.8675015156105428
0.4673590690266032 1.5333827906447575
-3.6520270393771455 1.2391409257587753
4.963279276554989 1.8545199483253563
-2.880040527660089 1.2942828194528508
-0.6188510221733541 1.455796355559046
-2.7365881008758315 1.3045294213660121
-7.294159483560627 0.9789886083170981
-1.1419697799311503 1.418430730004918
-2.897763584287782 1.293016886836587
3.884131830122932 1.7774379878659237
-6.6053859828067445 1.028186715513804
7.866899213395783 2.061921372385413
7.21624502881413 2.0154460734867237
1.249522592979119 1.5892516137842227
-3.5349592415459963 1.247502911318143
4.570239432386158 1.8264456737418684
-2.35461505662113 1.3318132102413478
3.206306348870477 1.729021882062177
-5.668500648656739 1.0951070965245187
0.880961267065226 1.5629258047903734
1.4339973929495056 1.6024283852106789
-3.893824959994305 1.2218696457146925
-4.027109044028055 1.212349353997996
-3.694488243579677 1.2361079826014516
3.534188243254677 1.7524420173753341
-2.9716783283320147 1.287737262261999
3.39370955187999 1.742407825134285
3.4200484998430536 1.7442891785602181
3.000233583960691 1.714302398854335
7.408761463441422 2.029197247388673
-0.9169488469970908 1.4345036537859222
-1.9806541227323944 1.3585247055191148
-4.7434106695935565 1.1611849521718889
-7.570639758425221 0.9592400172553414
-5.342096016902012 1.1184217130784277
-7.54082707930308 0.9613694943354943
-6.726409840195828 1.0195421542717265
1.7498239224636745 1.6249874230331196
5.20846766287247 1.8720334044908906
7.327268792140231 2.0233763422957307
6.104862604726755 1.9360616146233396
0.6851615773072304 1.5489401126648021
7.1666717557147095 2.0119051254081937
-0.1781319814692708 1.4872762870379093
-7.283550658531041 0.979746381533497
-7.831763012983121 0.9405883562154914
7.8390756908562835 2.059933977918306
4.357466461726103 1.8112476044090073
2.989458680085839 1.7135327628632742
-1.7173582074417997 1.3773315566113
0.7952564499706831 1.556804032140763
3.9517320265931435 1.7822665733280818
1.741518267621446 1.6243941619729605
-0.2967269914894928 1.4788052148936077
1.9132267567995793 1.6366590540571129
-6.726419816798048 1.0195414416572823
-4.684904394173472 1.165363971844752
-4.884464194681371 1.151109700379902
6.944063114628813 1.9960045081877724
-0.6552358789459198 1.4531974372181486
7.590525890493856 2.042180420749561
3.6177064438206745 1.7584076031300482
-6.9003405072225945 1.0071185351983862
5.901563252070906 1.9215402322907789
-5.351357510478014 1.117760177822999
-7.368447627592477 0.973682312314823
0.0706361786931193 1.5050454413352228
-5.593125383472167 1.1004910440377023
-0.0632118349377748 1.495484868933016
7.970503652406492 2.0693216894576065
0.8111685718009092 1.5579406122714936
1.2210688439797295 1.5872192031414092
-6.804104257698812 1.0139925530215135
1.1829126057195154 1.584493757551394
2.4406993659502696 1.674335668996448
-2.1349399884482647 1.3475042865394096
-5.057624420235372 1.1387411128403304
2.9276080029784364 1.7091148573556025
-1.9432786138212883 1.361194384727051
-4.4862031349353 1.179556918933193
-2.7180116443768227 1.3058563111159411
-5.774488843434774 1.0875365111832305
-4.8350090334806115 1.154642211894242
2.946004215904532 1.7104288725646095
-3.84205242201328 1.2255676841419085
7.512863247956684 2.0366330891397633
0.9006824738886134 1.5643344624206152
-2.3091625066264445 1.335059820955254
5.810599454636632 1.915042818188331
-3.8939092344637416 1.2218636261097329
3.152277023084036 1.7251626445060027
5.189587925994278 1.8706848518567343
-7.3408249829047545 0.9756553583639461
4.981059187872837 1.855789941990917
-6.77695752987645 1.015931605008825
-5.703903325459052 1.092578333895782
-0.4025712889615001 1.4712449079313215
-2.928569908454982 1.2908164351103584
5.422580413894121 1.8873271724210086
-6.441184529286202 1.0399153907652714
3.9151835998073405 1.77965597141481
-6.334114077023939 1.0475632802125758
-0.4786439565925331 1.4658111459576761
4.416333168652846 1.815452369189489
4.765962457501335 1.8404258898215238
-5.3912516303363525 1.1149105978331177
-1.070874908484873 1.4235089351082233
1.0392764140357027 1.5742340295739787
-5.372329641286173 1.116262168479559
1.2889188903736244 1.5920656350266875
5.597615346119337 1.8998296675799526
0.6906684115029282 1.5493334579644948
1.9696558431978275 1.6406897030855592
2.739993965224482 1.6957138546588915
-5.622295325496877 1.0984074767502232
-4.696369719095159 1.1645450200646315
7.261450182962896 2.018675013068778
-4.460138464308862 1.1814186811207956
0.7654325614018926 1.5546737543858495
-7.415644777108893 0.9703110873493648
-4.436245507217462 1.1831253209130383
4.822082582721187 1.8444344701943705
-6.165867369926966 1.059580902148074
-0.36195736384356 1.474145902582603
-1.417672982605355 1.3987376440996175
1.192510676231409 1.5851793340165292
-5.8784797426517095 1.0801085898105922
-7.617140530307047 0.9559185335494966
-3.9925638170410434 1.214816870211354
-1.1021524998236298 1.4212748214411692
-4.021046704409919 1.2127823782564344
1.0306054299597989 1.573614673568557
-3.3929058036699775 1.2576495854521446
3.1083170516261944 1.7220226465447281
5.573816692579838 1.8981297637557026
0.4622173846667916 1.5330155274761994
2.586569078505269 1.6847549341789478
-1.4858848389601516 1.3938653686457034
-7.923849995999744 0.9340107145714469
6.089126942165668 1.9349376387261192
3.8446861212027734 1.7746204372287695
6.938438574025275 1.9956027552875195
-7.543448738338359 0.9611822329758315
4.200893035874248 1.800063788276732
2.5499329268534474 1.6821380662038177
0.1912067371113242 1.5136576240793802
-3.9575561836417528 1.2173174154541604
7.924466021875611 2.0660332872768294
-4.713384271866596 1.1633296948666718
-2.4616017652796813 1.3241713024800228
2.587160815798729 1.6847972011284806
3.5425159079857362 1.7530368505704097
2.4693054119166415 1.6763789579940458
-2.3237837312710425 1.3340154477663542
6.586953480157884 1.9704966771541346
2.8275097118913717 1.7019649794208123
5.277256202203498 1.876946871585964
5.664023726979323 1.904573123355666
-0.7865416577810009 1.4438184530156428
-1.741021505955045 1.375641321003211
0.3019733195072813 1.5215695228219486
-5.293853902698688 1.1218675783786651
-4.05147255766477 1.210609103023945
1.025881794717904 1.5732772710512788
-5.249337961591488 1.125047288457751
-5.443930631774183 1.1111478120161298
-3.378818509802569 1.258655820728388
-3.8973115054440512 1.2216206067539963
0.5204578380842371 1.5371755598631598
0.4334395821396573 1.5309599701528327
2.104948874203627 1.6503534910145448
1.1496490440089513 1.5821177888577822
-7.044052351085064 0.996853403493924
3.653690884703355 1.760977920335954
5.6367429125400506 1.9026244937528607
6.580588507906601 1.970042036279043
7.932205225114906 2.066586087508208
3.616935338871418 1.7583525242051012
3.476564663010283 1.7483260473578774
-4.595389515659971 1.1717578917385736
-1.4864448306905178 1.3938253692363916
-7.003802582340983 0.999728386975644
-7.200151262669481 0.9857034812378942
-7.805856043128514 0.9424388540622489
4.413148604755506 1.815224900339679
0.3386834635679019 1.5241916759691359
4.879119790230719 1.8485085564450514
-6.665956529893702 1.0238602478647356
7.241765765540933 2.017268983252924
0.2998946759796119 1.521421048284258
-3.5561825852325537 1.2459869581976748
-3.7059494173656784 1.235289327331023
2.745585714575313 1.696113265326808
-0.8521462391046217 1.439132411492527
1.0890381950996364 1.577788442507117
0.4079773464236958 1.5291412390302639
4.384401752886841 1.8131715537776314
-2.8199074290270065 1.2985780407837852
2.4834079672630285 1.6773862833759305
-1.5792861272587668 1.3871938480529453
0.575416784873557 1.5411011989195398
-7.702713492573679 0.94980617910188
-1.3236295700622271 1.405455030709841
5.357709738205427 1.8826935527289592
4.1125810449997715 1.7937557889285551
-6.002482959498533 1.071251217178676
0.055928512472688 1.5039948937480492
6.499691316634914 1.9642636654739225
4.460444816755572 1.8186032011968267
-5.93318653078321 1.0762009620869135
-6.904403684806367 1.0068283082281166
5.479130495879071 1.8913664639913623
-7.357068457538491 0.9744951101758221
7.564690877645985 2.0403350626889987
0.4190693946257333 1.5299335281875523
-5.056534163078792 1.138818988351515
-2.43317494840681 1.3262017893995135
-1.3450608831796451 1.4039242226300253
4.268240859432614 1.8048743471023296
4.861111679569406 1.8472222628263861
5.567896128693803 1.8977068663352716
0.0008157337234191 1.50005826669453
2.076415830877508 1.6483154164912506
-3.948040762379259 1.2179970884014815
-7.307604389785295 0.9780282578724789
3.508529247083059 1.7506092319345044
-2.84214759576893 1.2969894574450764
7.65935085383963 2.0470964895599737
1.8734398351036887 1.633817131078835
-2.7014036924610245 1.307042593395641
4.947796839959432 1.8534140599971023
-5.189874662741985 1.129294666947001
-5.556786654288567 1.1030866675508166
-6.016302359982079 1.0702641171441372
-0.3840063599908667 1.4725709742863666
7.90662539176669 2.0647589565547637
-3.9799494695213955 1.215717895034186
-4.604015624376604 1.1711417411159568
3.9636333553466443 1.783116668239046
-2.411562619874397 1.3277455271518288
-4.34277942492664 1.1898014696480972
-1.4493774017990901 1.3964730427286365
-3.9234468969328677 1.2197537930762237
-4.693899974489794 1.1647214303935862
-0.8640616517750672 1.4382813105874952
7.40744985420192 2.0291035610144226
-7.340142652229904 0.9757040962692926
4.2156275925985724 1.8011162566141836
-7.169960296445032 0.9878599788253549
-7.723605455046576 0.9483138960681018
3.7345342214502715 1.7667524443893052
6.770325574157189 1.9835946838683707
6.339528689450285 1.9528234778178775
-3.61433159656322 1.2418334573883414
6.198327393146572 1.942737670939041
2.196406904417998 1.6568862074584285
-7.28734261299673 0.9794755276430908
2.6370429187255517 1.6883602084803966
4.00181093822345 1.7858436384445322
-0.4993398944559679 1.4643328646817166
-0.7195310648298427 1.4486049239407255
3.3906604152058097 1.7421900296575579
0.4139733021181495 1.529569521579868
-7.58301130214271 0.958356335561235
-4.044615467479254 1.2110988951800534
-1.9895091254262844 1.357892205326694
-4.492387430616839 1.1791151835273688
4.007934002835574 1.7862810002025409
3.178905949042589 1.7270647106458992
3.7701649520292584 1.7692974965735184
6.43872853848673 1.9599091813204808
-0.4222176966117885 1.469841593099158
-3.340342172624327 1.2614041305268338
0.4480108191964032 1.5320007727997431
7.999879671079322 2.071419976505666
7.838803796129396 2.0599145568663855
-5.4715608495553365 1.1091742250317616
-4.337515547337823 1.190177460904441
-7.397395955903708 0.9716145745783066
-5.127520088929733 1.1337485650764476
-0.9271365998273353 1.4337759571551902
1.915302351113052 1.6368073107937895
2.406891769543888 1.6719208406817063
-5.030316232636785 1.140691697668801
6.784597043169555 1.984614074512111
-4.004577843450912 1.213958725467792
5.397227886518078 1.885516277608434
2.551009227527933 1.6822149448234238
-5.7419895839319 1.0898578868620072
-1.9217026025186126 1.3627355283915277
0.8351766292927962 1.559655473520914
2.999513023734396 1.7142509302667426
-3.0955357279271993 1.2788903051480571
4.17038001217756 1.7978842865841114
-5.311089042202031 1.1206364969855693
7.952685754140434 2.0680489824386026
-6.548366363704938 1.0322595454496473
-4.2887392079487565 1.1936614851465173
-3.1257910365077404 1.2767292116780184
0.9300572512858647 1.5664326608061332
6.71563155398564 1.9796879681418313
-2.2712039027374864 1.3377711498044653
-4.920053896063342 1.1485675788526184
-4.440155530245393 1.1828460335539006
-7.810016461168468 0.9421416813451094
5.369016749381011 1.883501196384358
-6.206075349065253 1.0567089036381963
-7.3522075964372 0.9748423145402
-5.762397284421228 1.0884001939699122
-1.8278117005179446 1.3694420213915754
-1.7612140903252982 1.374198993548193
-4.46706606415508 1.1809238525603514
-3.912109846399778 1.2205635824000158
7.638011200538344 2.0455722286098816
-7.74583584591854 0.9467260110058185
7.7695214022512715 2.0549658144465193
6.728218600073131 1.9805870428623664
7.870275070729358 2.062162505052097
-2.5012853152705805 1.3213367631949586
-1.7460704139425722 1.3752806847183876
-2.9209566764768553 1.2913602373945103
2.333697371454166 1.6666926693895834
5.291785506194975 1.8779846790139267
7.5572731525678165 2.0398052251834153
2.2874035800510075 1.6633859700036433
7.719800067539694 2.0514142905385495
5.708148526220377 1.907724894730027
-4.74434692160062 1.1611180770285272
-5.552160467986205 1.1034171094295568
5.38227032055919 1.884447880039942
-2.2605444257716307 1.338532541016312
5.292544184531854 1.8780388703237039
-2.4132092606527955 1.3276279099533717
-7.657237941713946 0.9530544327347181
5.047126339102009 1.860509024221572
2.4438855755650852 1.674563255397506
7.984728173596194 2.0703377266854424
-0.7622663943008643 1.4455524004070812
-3.4062170200013426 1.2566987842856183
-4.978370234512157 1.1444021261062745
-6.809637954594203 1.0135972889575569
-1.40797863815029 1.3994300972749794
0.1241027706034146 1.5088644836145295
5.538502158984981 1.895607297070356
0.3745366071188734 1.5267526147942052
-6.914397249302029 1.0061144821927122
-4.581661287208403 1.1727384794851141
-7.10436584957146 0.9925452964591814
4.9074808016264555 1.8505343429733183
2.6000875093603764 1.685720536382884
-2.5879909175141194 1.3151435058918486
-2.515981922267045 1.320287005552354
-7.693119685496859 0.9504914510359387
-5.01775501649834 1.1415889273929758
1.0844376722175575 1.5774598337298256
4.944108678662168 1.8531506199044405
6.000187222904611 1.9285848016360436
-1.2950738888004771 1.4074947222285374
5.531102791476599 1.8950787708197572
-1.0151304428759182 1.4274906826517202
-7.40036970790122 0.9714021637213415
-1.0401381314994858 1.4257044191786081
4.495619203309063 1.8211156573792189
-6.0762671711042255 1.065980916349698
-4.455076578990772 1.181780244357802
3.0857915755127276 1.720413683965195
5.601389334254511 1.9000992381610367
-6.663239640021253 1.0240543114270535
4.605777821888578 1.8289841301348986
2.2498320410069805 1.6607022886433558
1.3433151514030133 1.5959510822430725
-5.655002167267069 1.096071273766638
-3.35899422404686 1.26007184113951
6.4170889342293105 1.9583634953020936
0.0671475914163384 1.5047962565297384
-0.2023370660327171 1.4855473524262346
-3.0635158181585584 1.281177441560103
-7.750641532961637 0.9463827476455974
-7.7167395201395514 0.948804319990032
-3.1363509720050615 1.275974930571067
1.176290009549474 1.5840207149678196
-2.294149872233918 1.3361321519832916
-6.564355351658602 1.0311174748815284
1.3534124174273359 1.596672315530524
4.678237689895051 1.8341598349925037
2.073730428676262 1.6481236020483043
5.344482082951858 1.881748720210847
-0.124177781244537 1.4911301584825332
-5.7145768259034675 1.091815941006895
2.8947695698141196 1.7067692549867228
6.2381357762761915 1.9455811268768708
-7.6829398072648925 0.9512185851953648
-4.823468117152547 1.1554665630605323
6.791047578916642 1.9850748270654743
-1.489829239764422 1.3935836257311127
-3.5491111829293693 1.246492058362188
0.1382036984017425 1.5098716927429816
-6.784601420256374 1.0153856128388306
-4.1181880736283905 1.2058437090265435
6.708589070239942 1.9791849335885674
4.129504318734746 1.794964594195339
2.880438339251736 1.7057455956608383
4.7855352987137305 1.8418239499081235
3.4303067407951264 1.7450219100567947
-1.2286109865909811 1.4122420723863585
-3.2788979417736748 1.2657930041590233
-2.9496504390333804 1.2893106829261871
-0.2474388673272241 1.4823257951909126
-4.135710371350596 1.2045921163321003
5.630946347340625 1.9022104533814732
7.0216703739865505 2.0015478838561824
6.846684827563436 1.9890489162545313
-7.8653807193595195 0.93818709147432
-5.799190631636636 1.0857720977402403
3.055423820080474 1.7182445585771766
-5.380613973498411 1.1156704304643992
7.207794482374208 2.014842463026729
0.1768645164204621 1.5126331797443187
-1.3929581744270632 1.400502987540924
-0.3189098443568668 1.477220725403081
-1.921108870060431 1.3627779378528264
-7.915723301044313 0.9345911927825491
-1.3600988722947154 1.4028500805503774
1.4237343666270146 1.6016953119019297
-3.817280850312777 1.227337082120516
-3.3783023777396988 1.2586926873043072
-0.014157369302362 1.4989887593355455
0.6273360056788846 1.5448097146913489
-2.6705328997180864 1.3092476500201367
-3.3043941373619035 1.2639718473312926
4.044103961354496 1.7888645686681783
-5.116972719333587 1.1345019486190295
-7.075436995403301 0.9946116431854785
-5.620723199989769 1.0985197714293022
-1.6184173117875051 1.3843987634437496
6.118801092166811 1.937057220869058
-6.599165543897181 1.0286310325787729
6.775976516990928 1.983998322642209
5.481454914347944 1.891532493881996
4.370300224399342 1.8121643017428102
3.2034978336041853 1.7288212738288704
-2.0051585398374137 1.3567743900116134
-0.0714649455759258 1.494895361030291
-5.298250239038696 1.1215535543543789
-3.0937029717019513 1.2790212163070034
-3.8924873599739875 1.2219651885732867
0.6153978082984501 1.5439569863070322
-1.5301842585745646 1.3907011243875311
4.188856956915393 1.7992040683510995
-7.536162444390953 0.9617026825435033
7.095932605113996 2.0068523289367137
-5.740775315728774 1.0899446203050875
4.200517602251626 1.8000369715894018
0.4103609251774962 1.5293114946555355
-3.9686671263500166 1.2165237766892845
-7.369993921422193 0.9735718627555576
-3.687533292970212 1.236604764787842
-2.7631948155781636 1.3026289417444168
7.542938338945428 2.0387813099246737
-2.706104252205572 1.3067068391281735
0.2631163139381503 1.5187940224241536
3.5528788353382073 1.7537770596670148
-2.461153687974658 1.32420330800181
-6.368672321464032 1.0450948341811406
3.998769017096805 1.7856263583640575
-5.957686060442155 1.074450995682703
-5.980644986100456 1.072811072421396
-4.869461177099762 1.1521813444928741
-7.823499271624971 0.9411786234553592
-6.275216396168366 1.0517702574165453
-1.4643997973673475 1.3954000144737608
-6.900966681037877 1.0070738084972946
-4.080841267964109 1.2085113380025636
-3.3030799743407737 1.2640657161185163
-6.771655374402306 1.0163103303998353
4.321149290665325 1.8086535207618089
-3.4158883340205897 1.2560079761413865
-0.508068756065752 1.463709374566732
-1.6087277253874763 1.3850908767580374
3.0274749517476636 1.7162482108391188
-2.8435191448657307 1.2968914896524477
-2.7827959443667023 1.301228861116664
4.523674998593124 1.8231196427566516
-3.0824318847713634 1.2798262939449025
-5.352864207334379 1.1176525566189728
7.404090479387346 2.0288636056705247
2.754285407268121 1.696734671947723
7.9733418020864 2.069524414434743
6.616275402646661 1.9725911001890473
-6.293276976447006 1.050480215968071
-5.168216995849715 1.130841643153592
-7.447919082753808 0.9680057798032994
3.571582384813814 1.755113027486701
4.728651510583784 1.837760822184556
-1.870223204313346 1.3664126282633324
-3.754997992867347 1.2317858576523324
0.7460316527926523 1.5532879751994753
7.415972184971686 2.0297122989265493
-6.073851877211965 1.0661534373420025
6.91775223132349 1.9941251593802494
7.630158316032423 2.0450113082880303
-7.770057845149848 0.9449958682035823
-6.394401567577647 1.043257030887311
6.585754108621899 1.970411007758707
-6.895210722846622 1.0074849483680985
0.5862045057221419 1.5418717504087245
6.464064585834095 1.9617188989881496
-4.054057128581208 1.2104244908156279
7.659703128120594 2.047121652008614
1.9799031154057332 1.6414216511004096
-7.361559368844562 0.974174330796817
-6.706391078071267 1.0209720658520522
-1.914040708944432 1.363282806503969
-7.165874546650869 0.9881518180963665
4.854561626070426 1.8467544018621733
5.532675904265963 1.8951911360189975
1.1215491341174246 1.5801106524369588
-3.636383815510861 1.2402582988920814
7.24864571891035 2.0177604084935963
-3.628744892895206 1.2408039362217709
-2.5730498909336514 1.3162107220761678
2.8792502051950226 1.7056607289425016
-2.9523080769179852 1.2891208516487154
-7.377959559772481 0.9730028885876799
1.4129539457977565 1.600925281842697
-6.233441590467855 1.054754172109439
-5.717372145986557 1.0916162752866745
-2.7068945710865737 1.3066503877795304
1.2994503329382106 1.592817880924158
1.2270907490791476 1.5876493392199391
-4.361107239839793 1.1884923400114433
4.9522307202669325 1.8537307657333524
-7.617472571746124 0.9558948163038483
2.6570763872321734 1.6897911705165838
-7.3283231382067004 0.97654834727095
7.010609454010169 2.0007578181435832
-5.712690520049234 1.0919506771393404
5.564200045150505 1.8974428603678932
-7.826952196521285 0.9409319859627654
4.019334740703124 1.7870953386216517
-6.078072074089704 1.0658519947078782
2.9888943966331976 1.7134924569023713
0.1675114003731792 1.5119651000266556
-7.8019565586564905 0.9427173886673935
-4.395261365189787 1.186052759629301
3.6920704973380047 1.7637193212384288
-6.690879290931253 1.0220800506477676
-5.896185219952644 1.0788439128605254
-6.913185544423538 1.0062010325411759
0.9372119780303159 1.5669437127164512
-5.374798492422965 1.1160858219697882
3.0662241856200563 1.7190160132585754
-7.024965732426361 0.998216733398117
-6.780467936695171 1.0156808616646307
2.18519450019369 1.6560853214424065
1.5244004194391323 1.6088857442456523
1.1254891950117543 1.5803920853579825
3.24504877147589 1.7317891979625635
-7.46987151082579 0.9664377492267293
4.304970165931085 1.8074978689950774
2.724550145023077 1.6946107246445055
-3.5369910091190224 1.247357785062927
-5.674246144686453 1.0946967039509676
-6.073793125530079 1.0661576338907086
4.023161311907417 1.7873686651362442
-4.769731083664372 1.159304922595402
2.2081359588643164 1.6577239970617368
6.090802520920608 1.9350573229229004
-6.530380824864588 1.0335442267953865
1.6787611950376053 1.6199115139312574
1.1567662923335806 1.582626163738113
6.195435189288943 1.9425310849492101
-7.299920647067619 0.9785770966380272
-3.4951502057038617 1.2503464138782956
6.400769199693359 1.957197799978097
2.4466496160210482 1.6747606868586462
0.7943028927291635 1.556735920909226
-6.883848974804309 1.008296501799692
6.654092639103935 1.9752923313645667
-6.7567118832067 1.017377722628093
0.4288612999050869 1.5306329499932205
1.3308437974176037 1.5950602712441146
-7.545619174280853 0.9610272018370819
-0.1498027489639782 1.4892998036454301
7.587253925902603 2.041946708993043
-2.866642310283435 1.2952398349797547
3.4744792790994588 1.7481770913642471
3.303212996128151 1.735943785437725
7.733654353450236 2.0524038823893025
-6.362728584179122 1.0455193868443484
6.690486548268348 1.977891896304882
1.927104240060494 1.637650302861464
1.8346193911282196 1.6310442422234444
0.825529844553003 1.5589664174680717
4.338991302597263 1.8099279501855188
-1.366939792265386 1.4023614434096152
-6.379049131226111 1.0443536334838492
-4.553438080734027 1.1747544228047122
-2.1692611401016553 1.3450527757070245
-1.2416766109754231 1.4113088135017555
-4.721073411186769 1.1627804706295164
-6.336493395365194 1.0473933289024862
0.3221592874949675 1.523011377678212
-2.8853488333951347 1.2939036547574905
3.2860407222733485 1.7347171944480964
1.6382410008815054 1.617017214348679
5.089685440326903 1.8635489600233504
4.309274505381255 1.8078053218129468
1.7577556184305845 1.6255539727450417
2.3623173470145336 1.668736953358181
-3.6691546370071073 1.2379175259280637
7.620281770949234 2.044305840782088
7.660872500847226 2.0472051786319447
-7.415214116186858 0.9703418488437958
-6.167538853338446 1.0594615104758254
-1.1757918177108078 1.4160148701635138
4.404540241483549 1.8146100172488249
5.033855559945948 1.8595611114247106
-2.0273026112251102 1.3551926706267778
0.6425788112341788 1.5458984865167271
-7.3969511746456735 0.9716463446681661
-2.8037571426590517 1.2997316326672106
2.076056314860697 1.648289736775764
0.6876162366349714 1.5491154454739264
-1.2687711995528446 1.4093734857462255
1.579917347086969 1.6128512390776406
-5.9226151392228275 1.0769560614840836
-3.814981697550941 1.22750130731779
6.813427789694073 1.9866734135495765
-6.823858085566233 1.0125815653166976
-2.3167097899158104 1.3345207292917278
3.9533927984780792 1.7823851998912914
-0.353571654684167 1.4747448818082738
-4.629609189614607 1.1693136293132422
-7.98571176023923 0.9295920171257693
3.7087579440769787 1.764911281719784
4.488787287886957 1.820627663420497
-7.332684196612339 0.9762368430991186
-2.1597583603917023 1.345731545686307
2.4900672277454152 1.6778619448389582
4.980059009514379 1.8557185006795986
-3.0166710390258125 1.284523497212442
-1.6736152002240665 1.3804560571268525
4.588427506206873 1.8277448218719194
-3.7725020048627744 1.2305355710812305
-1.417728544586092 1.3987336753867077
-2.7563968202415747 1.3031145128398876
7.347042998901394 2.0247887856358138
-7.907992915165918 0.9351433632024344
-6.95812863080641 1.0029908120852564
0.7309668839496641 1.552211920282119
-0.9116535637496117 1.4348818883035992
-0.7856210384301381 1.4438842115407045
2.438401172021493 1.6741715122872496
5.931909225666411 1.9237078018333151
5.710971104185228 1.9079265074418021
-1.1667308312969542 1.416662083478789
6.415562505368817 1.958254464669201
7.156097046926705 2.0111497890661933
-0.6928127400556896 1.450513375710308
-2.537385487482897 1.3187581794655074
-2.480292343593277 1.322836261171909
-6.465511249973996 1.0381777678590003
1.0551960850272266 1.5753711489305162
0.223763574868368 1.5159831124905978
-6.575325045995326 1.0303339252860482
-3.875077590632598 1.2232087435262429
-2.492799325133504 1.3219429053476068
-4.048381266953278 1.2108299095033372
1.3314129672282213 1.5951009262305873
6.970032005407113 1.9978594289576508
-7.165750527739922 0.9881606765900056
-1.3680622320388327 1.4022812691400834
5.824117196199625 1.916008371157116
-7.926672366925173 0.933809116648202
2.905311346359303 1.7075222390256646
6.212667781275828 1.9437619843768448
-4.262865957337542 1.19550957447589
-3.1128913272174703 1.2776506194844663
6.269280203060644 1.9478057287900459
5.636454494503186 1.9026038924645132
-0.5451196550132718 1.4610628817847664
-0.2809302020258695 1.4799335569981522
2.1620454802873414 1.6544318200205244
1.8603780224737196 1.6328841444624085
0.998117576447763 1.5712941126034117
7.145013163098998 2.0103580830784997
-7.053418002173947 0.9961844284161466
3.969476646536533 1.783534046181181
-7.03932333001778 0.9971911907130158
5.878173221396429 1.9198695158140306
0.4960348302373259 1.535431059302666
-2.761373959572248 1.3027590028876965
2.254373729881541 1.6610266949915387
4.4097555348343604 1.8149825382024543
-7.0087968334236095 0.9993716547554564
-1.8749051232701799 1.3660782054807015
6.546316363265504 1.967594025947536
-7.970058149874474 0.9307101321518233
5.853614948759038 1.9181153534827884
7.397338655146756 2.0283813325104827
-5.070277600285165 1.1378373142653455
6.49369186345765 1.963835133104118
7.150237218984866 2.01073122992749
4.577932275351936 1.8269951625251384
1.383774564351679 1.5988410403108342
-4.0944708120689555 1.2075377991379317
4.684937436485493 1.8346383883203923
5.811881281341918 1.9151343772387084
5.9110930876012695 1.922220934828662
6.86503381929195 1.9903595585208536
-6.439421049427947 1.0400413536122894
3.7219617920970034 1.7658544137212147
-5.371349282242477 1.1163321941255373
-1.0802682264000154 1.4228379838285703
-0.8995662703072025 1.4357452664066284
6.6526701202656575 1.9751907228761185
-3.205452886758115 1.2710390795172775
-7.6879383336801475 0.9508615475942752
-0.3336087017758125 1.4761708070160133
-1.6104118116869799 1.3849705848795015
2.70270664317432 1.6930504745124515
-6.740855830993143 1.0185102977862042
-3.640129586200203 1.2399907438428426
6.257058878969282 1.9469327770692344
-2.9826914455433204 1.2869506110326199
-4.488535858263939 1.17939029583829
4.621947567176402 1.8301391119411716
-0.6349457789080208 1.4546467300779986
6.118354991717618 1.9370253565512585
-4.163890928484612 1.2025792193939564
-3.6063283361374587 1.2424051188473244
-4.852726307819436 1.1533766922986117
6.639538625615959 1.9742527589725685
-2.016343812912943 1.3559754419347898
4.771814071179973 1.8408438622271408
-4.84761988710239 1.1537414366355436
-5.787598653813939 1.0866000961561473
-1.8761384852840557 1.365990108193996
-3.257030400146128 1.2673549714181338
0.9139297235114618 1.565280694536533
7.661943006927251 2.0472816433519467
-2.815498805717514 1.298892942448749
1.22980531693055 1.5878432369236106
-0.5446711648492162 1.4610949167964846
-0.0575281071370526 1.4958908494902106
-6.742635746886437 1.0183831609366831
-4.584595375424062 1.1725289017554241
-7.875157979802207 0.9374887157284137
-5.1032107704820255 1.1354849449655697
-5.944543521776739 1.0753897484445187
7.668109438886548 2.0477221027776107
-4.475196262757896 1.1803431240887217
4.92388410862992 1.85170600775928
7.350518737892729 2.0250370527066233
1.432282495869421 1.6023058925621014
-1.0793466547195205 1.4229038103771772
-5.038193699312139 1.1401290214777045
-2.6489218736598303 1.3107912947385836
-3.390924856199698 1.2577910817000215
7.225724869608262 2.016123204972019
-4.373401372223485 1.1876141876983226
5.640148784371355 1.9028677703122396
1.771308249547511 1.6265220178248223
-3.775148878125 1.2303465087053571
-3.6746589500089435 1.237524360713647
7.711702184617561 2.0508358703298257
4.357755813861672 1.8112682724186908
6.067622757052725 1.933401625503766
2.214103215260442 1.65815022966146
-5.464222828896217 1.109698369364556
-2.336847660327157 1.3330823099766316
4.7626118880913175 1.8401865634350942
5.967423224279592 1.9262445160199708
-5.207694484908155 1.1280218225065604
-2.1269762955470455 1.3480731217466395
7.051308641345081 2.0036649029532203
6.857951847601791 1.989853703400128
-6.32455248455682 1.0482462511030843
-6.147949211584795 1.060860770601086
4.687196702506453 1.8347997644647467
1.3685657427900537 1.5977546959135753
1.5067773983703212 1.6076269570264514
-7.0761151528276685 0.9945632033694523
7.261607769192045 2.018686269228003
7.6839000425206105 2.0488500030371863
2.7995058043158636 1.699964700308276
-6.264699852400851 1.052521439114225
-0.1235544813756899 1.4911746799017365