-0.975767278055403 -0.9290492785491328
-1.089853458494948 -1.2945067523317257
-0.8854089122649111 -0.6941153799349622
-0.2981272738212888 -0.0264975137569101
1.8915577776615486 6.767976375760615
0.7016423193884638 0.3454198780779718
0.3785331877553864 0.0542390265332344
-1.0137771678046694 -1.0419035495212428
-0.7251459569328507 -0.3813083271765504
-1.2380863830737567 -1.8978104832137286
1.7304270465265676 5.181552269219712
-0.8278258818708317 -0.5673055094920514
1.614302075253815 4.206824700341106
-0.2383467062952378 -0.0135402743623905
0.3513508858154557 0.0433733691395121
1.8402104988953032 6.2316422397791555
1.5689487394193495 3.8621244474733523
0.1176882517529729 0.0016300440261145
0.6379500438055108 0.2596330736688056
-0.119414695193711 -0.0017028379612714
0.3394402660366054 0.0391102036542809
-0.6277521180295724 -0.2473799856989613
0.2756702473196397 0.0209493082777018
-0.4437045670526003 -0.087353778823453
-0.1512598274168555 -0.003460754574496
-1.0089186132974381 -1.0269951742830967
1.5631119795539097 3.8191812935352525
1.2441189082544764 1.9256868811825727
0.712520912503551 0.3617369281492004
-0.5221108037996207 -0.1423272440155048
-1.2535600706832235 -1.9698604043355745
1.351174411700785 2.466801683527354
-1.332650393211983 -2.3667298883668115
-1.6547369693269176 -4.530925375717979
0.4096505356333786 0.0687449152914069
-0.9048763744557746 -0.7409139092581252
-1.9855482154065345 -7.8278286910318835
0.1534636924436987 0.0036142395188457
0.240215633326732 0.0138612949272525
1.614905493825281 4.211543938169202
0.8884170254039341 0.7012140640096239
-0.3669276894319444 -0.0494016504422483
1.4037481441629498 2.7660981443898636
0.0468979688646431 0.0001031483064635
-1.4940398940791138 -3.334928926195641
0.0186701703576602 6.5079595088e-06
-1.8029261999731103 -5.860488927084574
0.6839179230715211 0.3198983172726446
1.641692234318679 4.424612394308924
-0.4072716362703677 -0.067554221942721
0.6893464951588095 0.3275764827881916
-1.5709861812120849 -3.8771900958945524
-1.2758195122159877 -2.0766711030597707
1.9036782796226626 6.898912937603206
-1.277165311908215 -2.0832497744665033
1.2164475909769528 1.800031926172387
0.9703431277257151 0.9136418892853858
1.2184884247873833 1.8091068734931084
-0.3973035736939008 -0.0627144206259147
0.8982911882820037 0.7248554666366912
0.5575703363639248 0.1733400755940772
1.7802852601732617 5.642463889555876
-1.8478735226349063 -6.309816480616383
1.4716090189950317 3.1869652088395264
1.6644213283812879 4.6109436736515805
-1.8154124801695284 -5.983095708941276
1.459391088253033 3.108243754922725
-0.7128458266505953 -0.3622320169847377
-1.238897360611492 -1.9015422665147563
1.3048773218291534 2.2218209119429257
-0.0981407980503319 -0.0009452545045001
-1.9359161503689837 -7.255371067434227
-0.6020192419885122 -0.2181881287895004
1.5579618124575023 3.7815550336182624
1.4935051842141553 3.331349541321538
-0.5901450769653769 -0.2055305411317634
-0.0995155002291708 -0.000985535315152
0.7961425382756264 0.504629328116422
-0.8991636384117632 -0.726969529407456
1.1870785038194938 1.6727780532905363
1.6179514383445888 4.235419651277213
1.6647111478653973 4.613352752409953
-0.4067158271424249 -0.0672780227288925
0.3365651841120854 0.0381247992456377
-0.3253670221811005 -0.0344445565407254
-0.8289502148545633 -0.569620151984652
1.6124725670905948 4.1925379672129734
0.588037019394267 0.2033358721178534
-0.0737417246543228 -0.0004009958441589
-1.3536146636074422 -2.480191136963766
-1.6605774399127453 -4.57907124097875
-1.795233181942915 -5.785789121964554
-1.0761870357998338 -1.2464167256102643
1.6740592943772774 4.691508519287811
1.47245038142048 3.1924345816152964
-0.245378132890782 -0.0147743224279698
-0.2680895319829562 -0.0192681300809939
-1.5238477949130131 -3.5385454062668615
-0.8935841370786384 -0.7135203299049896
-1.0086784426606936 -1.02626192770322
0.7026028197692868 0.3468403895026765
1.429572999056436 2.9215882594285305
-1.3449939858230229 -2.433105985756429
0.7056067345329424 0.3513080905052305
-1.1782423188203222 -1.6357007453746717
1.608500484615456 4.161631175622497
-0.2732810382554538 -0.0204093182092876
-0.5052632696388923 -0.1289891510432407
1.6075617980920431 4.15434950953033
-0.4570281279454602 -0.0954616175645761
-0.7876396750075831 -0.4886329539547564
-1.619951411874745 -4.251145467445643
-0.2445533689648633 -0.0146258444445261
-1.4767924243236368 -3.2207600268394407
0.7741648018734248 0.4639810736105722
0.8959693493925065 0.7192493181309225
0.6586880425489796 0.2857849397848825
1.4797852141875465 3.2403808042895736
-0.3019722925222119 -0.0275360275971063
-0.6764067527875848 -0.3094737403810741
-0.5668085298107308 -0.1820996586740243
-0.6804774918001275 -0.3150948418507794
0.5504861958831184 0.1668166129164807
0.7756155139101515 0.4665943352034398
-1.1529560584176721 -1.5326333346737064
1.9461984035111888 7.3715927781075
0.7921548787874824 0.4970845946611238
-1.3950814858782699 -2.7151806234575053
-0.4149444249621457 -0.0714446646124331
0.235618398776924 0.0130805980578715
-1.4740074622239487 -3.202573063230879
1.5178648341399863 3.497029517392613
1.2140226883922898 1.7892886600601883
0.1146546984362167 0.0015072162547291
0.3210472093663177 0.0330907566473109
0.2731490969874435 0.0203797713577436
0.0205414050541814 8.6674319273e-06
-0.0378265252964032 -5.41239330195e-05
0.5811880652147265 0.1963134530998356
1.7003911303309618 4.916391880242248
-0.2352747120174445 -0.01302344113824
0.702432887285934 0.3465887884855849
-1.8762609939045345 -6.605105366436154
0.6878723480278168 0.3254794357454904
1.8801977089024922 6.646768567503522
-1.7685016974289796 -5.531162820737451
0.3072089416876032 0.0289935608522216
-1.074147988281752 -1.2393453973606
-1.480237403662597 -3.2433522772016525
1.8495501656179414 6.32700744843908
-1.8976542043446072 -6.833626385860116
-1.4577762761735986 -3.097937378749464
-0.9173690710097984 -0.7720266310304391
1.9923622077077972 7.908696062162893
1.5119641800054278 3.4564040648229546
-0.2428708859450772 -0.0143260469831104
-1.4029841006928323 -2.7615839390460124
0.8919756473160936 0.7096741599253328
-1.9700271616860348 -7.645689239722162
-0.9882540170187952 -0.9651743348338252
-0.4745520142447668 -0.1068689305370323
0.1774594519701944 0.0055885277013471
1.0565737733781613 1.179504165194321
-1.5149193356572979 -3.4767104761246554
-1.920000086375524 -7.077888955244238
0.8921381038278104 0.7100619917732445
-1.084967020632086 -1.2771726561310506
-1.8517700249385567 -6.349816124687069
-1.6932498979368682 -4.854708683328921
0.4026257142663923 0.0652686342010187
-0.3997280967671903 -0.0638695751457908
-1.2214752100576827 -1.822443076215637
-0.9814356240428501 -0.9453343823392981
1.5422472972710115 3.6682764145674316
0.8088962363953787 0.5292714212069657
1.8878939200152622 6.728724755416239
-0.2964982053041929 -0.0260655088006256
-1.4182047142366092 -2.852441681770941
-1.7488207806329146 -5.348548220856287
0.0415430475305922 7.16960216181e-05
1.7267538564529041 5.14862550608237
-1.3197878570242674 -2.298859264446086
1.569933251105955 3.8693994329379118
1.4795179892099397 3.238625642149112
-1.9240150085529062 -7.122383700203013
-1.4358896435220818 -2.9604872115087915
-1.4838060756851283 -3.266866858459552
-0.0992484347846827 -0.0009776220741005
0.8273728041740114 0.5663745426263
1.9989882987156284 7.987865724788958
0.9438961622693105 0.8409548139143541
-0.3170240326507532 -0.0318622586004059
-0.4985209969205977 -0.1238940256303662
-0.5967399027241642 -0.2124981911146661
-1.6693252659922058 -4.651819983552371
-0.4387873323467515 -0.0844816219866344
-0.6542671510082858 -0.2800691983283217
0.6114587383112413 0.2286132867698664
1.8542569403695452 6.375433786940897
1.0605655957749103 1.1929235276964871
-1.667596890533881 -4.637385822576903
0.2737446894631286 0.020513374482572
-0.3292789906667295 -0.0357019605319147
-1.7238926559644834 -5.123074347496067
0.2742861105215768 0.020635331412262
1.5195505399514961 3.5086936236063813
-0.3071306071699689 -0.0289713874983476
-1.2397809361277012 -1.9056136806783537
1.6717098209924783 4.671783210970419
-1.3440200289460407 -2.4278241226363058
0.0285273829291546 2.32159144832e-05
-1.2459832328105467 -1.9343568430611877
-1.7246463691823353 -5.129796954008694
-0.1939980452716776 -0.0073011632977584
1.5777852837437059 3.927748785699024
0.0359936662246358 4.66313786137e-05
0.1335205928468075 0.0023803715774389
1.376658097013216 2.6090252393589513
-0.9154922499014133 -0.7672979120312645
-1.189854589194939 -1.6845413267589437
0.8220839545142131 0.5555824455477933
-1.485244409457831 -3.2763763246783406
1.8894662005448661 6.7455502603671835
-0.1513629691216987 -0.0034678389058537
-0.0635865185645792 -0.0002570958950742
1.1071186228530312 1.357008188502599
0.1751301941328292 0.0053713454871795
-1.25786527620855 -1.990225953430665
0.4573431812569804 0.0956591736947322
0.6392303283950893 0.2611993644731451
-1.6834498684313903 -4.770902751065853
1.6853180249943427 4.786803469838032
-1.341120533842295 -2.412145140604901
1.9756101654005835 7.71087666036238
0.8498510553676693 0.6138022190766028
0.3684729054919345 0.0500284072639028
1.6958155393000283 4.876809951990429
-1.4663988194701276 -3.153234771367413
0.7526764325235775 0.426407616460472
-0.7059964990746788 -0.3518905810643189
-0.8637209787507123 -0.6443478810333594
-0.8992728666749699 -0.7272344931874801
-1.036721883254692 -1.1142606592321354
1.8171977875638494 6.000764706649581
-1.2686611240211834 -2.041911408164904
-0.3845939305312265 -0.0568862464427529
-1.122912107750774 -1.4159153626318834
0.6843574406793662 0.3205154585165229
-1.0997128265058564 -1.329957832339008
-0.0652670408352805 -0.0002780236672376
0.9863638610098633 0.9596468803271289
-1.6405702535329656 -4.415546861822565
0.6931515570556201 0.3330309601303707
-1.3261810859060792 -2.3324293034607253
-1.0432618827027773 -1.1354813881217602
1.5009920565968589 3.381700811798467
0.0239519059687923 1.37410599414e-05
1.1119947540202202 1.375017467437345
-1.6697794352987025 -4.655617845033349
-1.5348129385738964 -3.6154832597053463
1.5981075661278203 4.081483291352886
1.4021434177006564 2.7566226017328797
-0.0056638699388909 -1.816936778e-07
1.3831753211272817 2.6462550189101246
1.6385795126553755 4.399492296346194
1.3705035097969547 2.5741891547172586
1.3557209820365066 2.4917872115538775
-1.4802802167716527 -3.2436337091070766
-1.9727346651960689 -7.677256104236146
-0.7568903211299758 -0.4336095662172064
-0.8314180999343006 -0.5747227973945135
-1.7498975305867255 -5.3584336173893625
0.9076791668685988 0.7478200462583715
-1.2489225340071255 -1.9480787304061566
0.2533560017347125 0.0162627351837918
0.0173165592289255 5.1925992708e-06
1.6935408733625579 4.857211876192851
1.360829605475061 2.5200621234715874
-0.1323755068938324 -0.0023196523874521
1.2977065058058521 2.185392486822538
1.2136863004431064 1.7878017149124696
1.6718872146785078 4.673270609284142
1.972390704583654 7.673241048338386
-0.6603601669082679 -0.2879669230084451
1.3333257821311828 2.3703300975203163
-1.3184109305384197 -2.291671611659147
-1.3003468485230618 -2.1987589912388525
1.322899123393582 2.315155605638969
0.9394918448180243 0.829237710297565
1.214637662032696 1.7920091764027641
1.519473055716444 3.508156909811967
-0.168212995430256 -0.0047596896237285
0.9689436572676953 0.9096945073433
1.6121421259063782 4.189960986952765
0.6805717231423234 0.3152257613393056
-0.5080301565399168 -0.13111986033793
-1.7193952027550132 -5.083082190693362
0.9603594104442377 0.8857300700691536
0.1861247453477453 0.0064478117553552
-1.4616536885890596 -3.1227229902360967
1.12609537705961 1.4279911855842928
-1.0471634185643337 -1.1482683295897083
-0.9644500440002783 -0.8970966021035293
1.1949734096009839 1.706375962271088
-1.1521706178655555 -1.5295031915662534
-0.4728796239813078 -0.1057430427412553
1.7777154400344175 5.61806465929556
-0.1812588358833866 -0.0059552165633037
0.7737347959296184 0.4632083551140315
1.4922435797627478 3.322914426003403
0.7505638793487934 0.4228272619901999
0.6577281827042771 0.2845373965173246
0.5070845908465924 0.1303890858618673
-0.7022053277674449 -0.3462520558318706
1.3399613853078374 2.4058959963704005
-0.443335250983977 -0.0871358344193358
0.4945021370114686 0.1209217763236209
-0.8799300385388191 -0.6813094784548022
-1.1235083662095016 -1.4181720839112155
-0.7956492447457855 -0.5036918973272287
0.1604720694477493 0.0041323620065781
0.5258010890663325 0.1453665367821327
1.6472128386802338 4.469399291197094
-0.2071549289332326 -0.0088896735591461
-0.8321290659626248 -0.5761984372513107
-1.4753009743284449 -3.211011697688275
-1.6869081051624875 -4.800365156161192
-0.3566034547723915 -0.0453478434722375
-1.6806470936759021 -4.747113182243893
0.4344829973851296 0.0820197342180864
-1.1708609512487151 -1.6051512708733222
0.3717474304999624 0.0513740644419579
-0.5532122265569819 -0.1693071541045959
1.8317502871503146 6.146088433918125
-1.7789128901089035 -5.629425112632663
1.1094981312841679 1.3657767812737154
0.0569499729000529 0.0001847058136951
0.0627593614286028 0.000247192647004
-1.5084715530673272 -3.4325065436353746
0.0429781624111816 7.9385928402e-05
0.3992160722447124 0.0636244516469755
1.022844696486021 1.0701116521244791
-0.3247213555501296 -0.0342399052199738
-0.5445278324032232 -0.1614582526639975
-0.6967952600394471 -0.3383105670964109
-1.9851974048292789 -7.823680315396438
-0.3378426026564254 -0.0385605520105013
0.0306004352788456 2.86538387505e-05
1.8392977073803252 6.222373676520484
-0.4319560987409452 -0.0805969914120133
-0.9572762374834523 -0.8772266875678455
-1.2682379302696076 -2.039868697354408
1.7592283916353892 5.444608740933538
-1.293735788386166 -2.1653932386618804
-0.032994869324797 -3.592024069e-05
-0.145551692638564 -0.0030835555797671
-1.9855810820344995 -7.828217417817813
-0.700471039942804 -0.3436928947655538
1.987974816180205 7.856563685535602
0.576026078773316 0.1911289341085218
0.7102177616729888 0.3582404219932987
-1.0564921909223073 -1.1792309630222801
-1.2720805400039241 -2.0584666100668674
-1.4122635085419244 -2.816742927875609
0.7847865148670374 0.4833420676933399
-1.5541647351931926 -3.7539730554817647
-1.4759918819331572 -3.215525118815048
1.9499488640208544 7.41429168161486
0.2522894113335554 0.0160582076779626
-1.3521188031558622 -2.47197774754027
0.6043471417193262 0.2207290109616267
0.7830648238517228 0.4801679252423666
-1.5052434351667592 -3.4105170527921644
-1.5397088046699299 -3.6501925951925327
-0.8475236563369961 -0.6087731472335516
1.6928356760689378 4.851146714231271
0.6046966564830414 0.2211121980510829
-1.1624767933075502 -1.570915682495527
-1.3604139583889876 -2.517753671534866
0.7390865869724412 0.4037252965141014
1.096130894549344 1.3170044902177604
-0.0288310811690371 -2.39652953903e-05
0.3534617367382809 0.0441598125377676
1.7562470465093343 5.4169748679471565
-0.2691409552529431 -0.0194957240257606
-1.4415826081414078 -2.995839912771593
0.7975176373957731 0.5072486376010952
0.1259631068538152 0.0019986193676807
-1.606862396529229 -4.148929572445189
-0.4773053777108043 -0.1087399133326496
0.422667312566797 0.075508525128069
-1.839940663440124 -6.22890134986341
-0.2560843146881222 -0.0167937984024881
-1.8121026578310966 -5.950430568210428
-1.5022773497672093 -3.390395461188562
0.1663586055599504 0.0046040052923238
0.3001033458019391 0.0270279129799466
1.5026176648256815 3.3927000902711604
1.2464811584603286 1.9366768201333093
-1.343126897882501 -2.422987309597948
-0.5851158848838915 -0.2003206246831582
-0.9846433764496627 -0.9546339855202204
-1.551661043048992 -3.735859802006184
-0.4508247398004115 -0.0916269482539813
0.8158660992026245 0.5430710639408164
1.3790438409821948 2.622613056379195
-0.5676266506877048 -0.1828893151224333
-1.3242996632820745 -2.322516488329567
-1.5471004644742177 -3.7030156672947743
-1.5108399295323491 -3.448699566404418
-0.4360818962842341 -0.0829285692414504
-1.9315302452488203 -7.206170593321811
1.718227040716378 5.072728846057552
0.4732880372282158 0.1060172615949578
-1.1925951324158426 -1.6962079614424472
1.548319659672368 3.711777071821896
1.882348355497887 6.669603199288636
-1.9287463658179385 -7.175057111691762
-0.4590839539182174 -0.0967556511923781
0.6004653582974582 0.2165029768670531
0.2469542127169055 0.0150608442443293
1.4622891498343256 3.1267976194626663
1.009535454326031 1.0288800046558328
1.2894925444544114 2.1441566261171587
-0.9698061623232466 -0.9121259637201058
-1.8498077829778317 -6.329651616775764
-0.2881746682999129 -0.0239313614275218
-0.843618498211129 -0.6003966800860762
0.1123984061747083 0.0014199742168379
0.4189770772825012 0.0735479866548594
-0.3592131664085647 -0.0463507472481844
-1.0588500271800823 -1.1871438754490613
1.0650630820057274 1.2081642852780792
-1.2879787419370694 -2.136614075938301
-0.63708282167662 -0.2585756855156403
1.637259167792072 4.388865712324162
0.9202225781265936 0.7792533071232951
-0.7090866645267417 -0.3565315388088965
1.3376106762047235 2.3932561265894288
-1.6820611097661708 -4.759105248162354
0.9451435523452578 0.8442932709239568
0.6152141956667831 0.2328515021262353
-0.0935793987323872 -0.0008194845145217
-0.1018193927010889 -0.0010555808605081
-0.2061676814155518 -0.0087631805667071
-0.3037324227273093 -0.0280203440141515
-0.3563745620205978 -0.0452605773661606
-0.4479471006584572 -0.0898835444324864
-1.2315302946509723 -1.867821193164357
0.5459219116877976 0.1627015078618533
-1.1650549268705617 -1.581390779910139
-1.7548560031532872 -5.404113442503883
1.0221206590956826 1.0678407721231624
0.0147735990042843 3.2244743067e-06
0.7499818958205657 0.4218444499346617
-0.5189542679754924 -0.1397614069846821
-0.3372101491138824 -0.0383443969318635
-0.939647117010884 -0.8296489288929674
0.8614155344750776 0.6392019603733154
0.7222043051127507 0.3766866413778076
1.8743712043467884 6.585167269631269
-0.7352305299643782 -0.3974391063449321
1.0260947024128289 1.080344676477418
-0.9568958645005221 -0.8761814069533914
1.2027006791800567 1.7396932109606236
-1.7087482154402664 -4.989238006873463
-0.0055569689228312 -1.715986647e-07
0.5685355791239965 0.1837692929754057
-0.1550039027546855 -0.0037241562981267
1.6442154810302125 4.4450453780260135
-1.2742878377722628 -2.069200688418936
0.1033311627122826 0.0011033008396033
1.6564117519697987 4.544696745092511
1.1572307858609086 1.5497439016708465
-0.023041656965106 -1.22332294118e-05
-0.0918232632891396 -0.000774208917016
-0.8540805087514247 -0.6230120295681946
0.1869898524258535 0.006538138506206
-1.5099489060156994 -3.4426015136450516
-0.061002254258455 -0.0002270061652171
-0.2286720400737741 -0.0119574672174007
-0.8760686760565317 -0.6723794894676963
-1.0368566592458226 -1.1146952843070028
-0.2608569322363334 -0.0177503592664309
-1.2444961520410214 -1.9274391422516743
1.4322908247897348 2.938283048257108
0.0022464953057266 1.13374803e-08
1.4793164212708727 3.2373021418583985
0.8513065422351969 0.6169612855092871
1.5387906219194614 3.6436662722542317
-1.3367268043014304 -2.3885149838590745
1.5763253929023375 3.916856085881839
-1.3961420174285188 -2.721377517981356
0.0993840652676266 0.0009816355370366
1.0534615908747065 1.169111998522849
0.6859353394200642 0.322737577573382
-0.3441134134128792 -0.0407478599445437
-0.7741815843267039 -0.4640112490052996
0.5274802131200711 0.146763655025549
0.3449679191610495 0.0410521707996003
0.7866668363843443 0.4868246113828901
1.6620563276941542 4.59131631632544
-1.2484044760490303 -1.9456555237806523
-0.6571786411507388 -0.2838247867277809
-0.2601828209052925 -0.0176131021560209
-1.165461882529029 -1.58304850625239
0.1376978291621933 0.0026108461492912
-1.3852920370471682 -2.6584225576811407
-0.4886787641487871 -0.1166998776362738
-0.3566178741872954 -0.0453533446736582
0.6954967519763451 0.3364227204925687
-1.0313857741085344 -1.09714343985936
-0.1935422195459036 -0.0072498187941886
1.8140610063593883 5.9697434061006645
0.3531166817609122 0.0440306102121218
-1.3202707110620815 -2.3013833510900885
-0.9890718094972022 -0.9675723994316527
1.6303299219425162 4.333377241132233
0.3678122850511114 0.0497598075672105
-1.6642918885325062 -4.609867996308161
-0.9466744435772494 -0.8484025382847262
1.0249295794291342 1.0766686834119528
-0.6855628013677721 -0.3222120175053984
-1.969891839384109 -7.644113787535528
-0.2538682014522244 -0.0163615678889789
0.7003174073155125 0.3434668003553296
-1.9035236034759748 -6.897231439347396
-1.9333293874269226 -7.226326123696792
-0.2334484976023763 -0.012722523153141
-1.6209063361306617 -4.258667758592014
1.351374802820875 2.46789939185695
-0.1772534290807979 -0.0055690861594585
-1.49488736982509 -3.340607238123256
0.5263772224874197 0.1458449058248239
-1.1632021983985417 -1.5738583515103652
-0.3623764870839978 -0.047586091106052
1.825194066853828 6.0803299229515435
1.514160030364807 3.471485323209704
-0.7512445502354135 -0.4239786654868498
-0.9261475912211106 -0.7944025043065962
-1.2396532408304388 -1.905024916560902
1.770835255572624 5.553087021664576
-1.835039922942717 -6.179261172366531
-1.0594867165915085 -1.1892866619537739
-0.7380111033231356 -0.4019654143479292
0.1751220040698347 0.0053705919403534
-1.9824401256000832 -7.7911261877616145
1.085656638951979 1.2796095641275484
-0.1649967778977142 -0.0044918618399348
0.7670320431893911 0.4512742173301525
0.6023333913029449 0.2185298757987819
-1.63092988519714 -4.33816306506179
0.843204533421587 0.5995132672210935
1.7586626694083294 5.439357894918398
1.0906361981726627 1.2972979249306573
1.5511087204498297 3.7318718200688714
1.8464120607445147 6.294857234365618
-1.6476518882527187 -4.472974076819913
1.614535965153466 4.208653496303079
0.8938803980590198 0.7142302518325876
0.8604758922683104 0.6371124941742079
-0.1944691100239404 -0.0073544784551903
1.3056597529293623 2.225820056582182
-1.8200771260105126 -6.0293344490705065
-0.1636859774771744 -0.0043856546359037
-0.5408528835297206 -0.1582112815369066
0.5598361256413908 0.1754618721150928
1.4504528902401326 3.051482497509156
-0.1598935560141577 -0.0040878305392359
1.5512438362766527 3.732847146036726
0.4535492959894682 0.0932982486535935
-0.2380203492967059 -0.0134847302923593
0.157675949410959 0.0039200929434211
1.873962192370774 6.580857304919041
-1.5486035338953967 -3.7138190358745518
0.2458271534168435 0.0148555780918018
1.4578793266300396 3.0985944063758413
0.5911583936422127 0.2065910871552028
-0.4615724788313664 -0.0983376257621552
0.301015059669032 0.02727499446802
1.550975893748332 3.7309131836345406
1.9190051590376407 7.066891554565666
-1.1467609110591117 -1.5080600769987116
1.4387507993934756 2.978219712286864
-0.5254996178098423 -0.1451166397495075
-1.717559204120966 -5.066816174493533
0.6731601236988656 0.3050388427708662
0.0208513370849008 9.0657080195e-06
0.4623211974407297 0.0988169440233197
0.43540565550563 0.0825433703019997
-0.4735832652946144 -0.1062157800232574
-0.2274123519041846 -0.0117609431071433
0.8622521200894684 0.641066101353202
-0.4588406587111691 -0.0966019034112808
1.7972949680550672 5.805746582570244
0.2827581727553499 0.0226071335291409
-1.5305644238292646 -3.5855422416614364
0.8984858090049244 0.7253267029010657
1.508470942807611 3.4325023777239583
0.1059435471795829 0.0011891141015903
-0.5045019841678715 -0.1284069811636666
0.7747228443929668 0.4649851538146982
-1.4879213356079144 -3.294123776747882
1.4522613429938231 3.0629106769710965
1.6897954577928118 4.825056633113791
1.0298021395548234 1.0920973905230456
-1.2290488779251039 -1.8565534794747653
0.1907426205897447 0.0069397405660577
-0.5668902284461823 -0.182178412454181
-1.9122761801994397 -6.9928118978584095
0.4080862185636756 0.0679603779603682
-0.2168766611639605 -0.0102008991940899
-0.8966779160090086 -0.7209570970920846
1.3120499938606835 2.258661507734082
1.7614839425585287 5.465577611687194
-1.7395732685014433 -5.264149033628011
1.827842397406127 6.106835761292712
-0.0730088720229318 -0.0003891588542694
-1.653720633942151 -4.522581852656501
0.7630583063455778 0.4442967872226472
0.1051284453806942 0.0011618785300236
-1.1175414197175444 -1.3956961657330247
-1.2144194746154304 -1.7910436449472857
1.3869112975223734 2.6677557065085455
-1.5709892612156744 -3.877212900263492
0.1141998976034633 0.0014893512817473
-0.7225463350461134 -0.3772220818295801
-1.2707487811472684 -2.052008263922026
0.1747440489434133 0.0053358938731538
1.2439582199669719 1.924940822198822
1.0203414602810756 1.062274122650184
0.1855755747639676 0.0063909061934719
-0.3626429100802122 -0.0476911256714313
1.2689438174509737 2.04327669845904
0.0858041198690227 0.0006317197033468
-0.2075052946335632 -0.0089348557936498
0.4512354884101293 0.0918776217777177
-0.6712446516927639 -0.3024422881700581
0.5474213389039182 0.1640458195720467
0.9907129946796664 0.9723969284524795
1.7661168271626022 5.508816234554788
-1.133405442590408 -1.4559815823871396
-0.1241298108124691 -0.0019126181838601
0.2661152559371054 0.0188455717493655
-0.2690581459045323 -0.0194777342160138
0.7445483304501521 0.4127420171841734
0.515346830566128 0.1368670253027019
0.1252705098018958 0.0019658326075909
-0.4897861457620283 -0.1174950280110522
1.2721661580989934 2.058882276795601
1.714562203268327 5.040338884961202
-1.1611005140027677 -1.565342770995364
0.6466645128194539 0.2704189275655061
1.1300860529807188 1.4432266682572183
1.5223067169708147 3.527820592442937
1.2486485087354846 1.9467967317114394
-1.2952115513223728 -2.1728118794478166
-1.8677525000853903 -6.515653478838516
0.452521651271971 0.0926655034611453
-0.3954687921588285 -0.0618495654155828
-0.0708175170044991 -0.0003551583964916
0.6372956289112723 0.2588348911835531
-1.8322210253865907 -6.150828068623862
-0.3469136297365218 -0.0417507314938654
0.5552493235773657 0.1711843722003927
-1.9309598008825573 -7.199787821657179
1.1784791129635899 1.6366871355182642
-0.3101970746935465 -0.0298478527615479
-0.277882524059724 -0.0214577264763714
-1.1479021828575275 -1.512567084141923
0.1702633552311092 0.0049358682883511
-0.7456359351216846 -0.4145534087940452
0.3128764222071254 0.0306279909596536
1.8467379929879408 6.298191364121772
1.5423276202942628 3.668849595791243
-0.5733333276775863 -0.1884610314597164
1.644177521470565 4.44473752043982
-1.3462986685632607 -2.440193404072265
-1.2056115297773737 -1.7523553467004034
1.5936677550814236 4.047560572282649
-0.1405609818388736 -0.002777118082929
-0.7721506991961999 -0.4603691435296002
-1.4285797750454607 -2.915502996203712
-1.450454642826656 -3.051493558868542
-1.6771791687044124 -4.717787538537953
-0.2194545696183203 -0.0105689996925565
1.776859745055082 5.6099558765448565
-0.3437435596792304 -0.0406166134837508
1.287954576721679 2.1364938159473046
0.6090220019216521 0.2258910101685459
0.5819849555594274 0.1971220806559123
-1.177259481327566 -1.6316108717857836
1.4974416611358525 3.357760648862274
-1.7035568949776683 -4.943902847116046
-0.4648745870251387 -0.1004632946776972
0.7216456207427919 0.3758131232617211
-0.5980927425581952 -0.2139467027606609
-1.4341135293900145 -2.9495149299766052
-1.576389169304608 -3.9173315202636974
-1.7442877173389975 -5.307064525068562
0.9996911621327391 0.999073772511245
1.6763979911852696 4.711198415545975
-1.2547433318715107 -1.9754438468585278
0.6267451776131754 0.2461914709148216
1.4484481969998955 3.038847474042553
-0.7990638269373478 -0.5102046503072347
-0.7390797677537102 -0.4037141216433167
-0.818818827368581 -0.5489887690351781
0.8661201809619867 0.6497323248264375
1.2722136986275467 2.0591131051560034
-1.5277152993676437 -3.565556180086877
1.1289713330558948 1.438960071596488
-0.1932783545909182 -0.0072202071736987
-0.0924414651527123 -0.0007899515592442
0.5392843083838099 0.1568387423950423
-1.328749195301493 -2.346005595153984
1.4588842662175359 3.105006556713969
1.2325469979752786 1.8724510139964303
1.9964698963459364 7.957713481951235
-1.4015484544955754 -2.7531149865342948
-0.4377216046740391 -0.0838675483998825
-1.1624412714771202 -1.570771679374703
-1.9412247653773593 -7.315221313052234
-1.9739813461941673 -7.691820362548149
-0.6601300297368256 -0.2876659563395924
1.631424387726378 4.342110291365686
0.4674083803284872 0.10211498649155
1.8372420432414902 6.201533950733911
-0.4584910382124714 -0.0963812498340558
0.5764067119791569 0.191508073724554
-1.0934987234904305 -1.3075395712510713
-1.0971283599644668 -1.320603135834991
0.6236401289834537 0.24255049097996
-1.852131855793187 -6.353539062736057
-1.8343387418055248 -6.172180466468692
-0.4353340198359819 -0.0825026353455297
1.8435284679152026 6.265410711324632
0.4991101788772325 0.1243338211258262
-0.1070060860491897 -0.0012252520494216
0.9763485653902149 0.9307106368634478
0.3142216192042335 0.0310247425784642
-1.38183282885753 -2.6385572313289023
-0.7644493574633544 -0.4467310713580472
-0.0238216934133697 -1.35181696626e-05
0.0035095376214902 4.32264636e-08
-0.4749482459261203 -0.107136847777944
0.7232883098193068 0.3783853710273894
-1.1098014155988314 -1.3668971037912245
0.4383943490528588 0.0842548369021002
0.4230576845955634 0.0757179355638041
-1.7052773710094504 -4.958896991918454
-1.8609000890929832 -6.444202366102365
-0.7222705927651156 -0.3767903736522074
-1.6178763468691795 -4.234829962719688
1.1669101053597957 1.588957211726057
0.5356204385632206 0.1536637481572448
0.4550429441095627 0.0942230490302541
-0.0588741867795073 -0.000204067932274
0.1169494267377464 0.0015995370054465
0.1255234053651577 0.0019777625023214
-0.2785064293563946 -0.0216025826855811
-0.3810328361329498 -0.0553206418101167
0.6859777875041848 0.3227974976803539
-0.6285231003099163 -0.2482925748473482
-1.11495479735026 -1.3860272906420088
-0.966712361181632 -0.9034243993085116
1.0847871852034592 1.2765376797131862
0.2293498716958169 0.0120641160034387
-1.409419891101873 -2.79976247981007
-1.1375300321283879 -1.4719349387287246
-0.5218901680150103 -0.142146884513641
0.5710879709138861 0.1862554706315881
1.1890781594701987 1.68124577784404
-0.7910474016834601 -0.4950026513301737
-1.0046200865056454 -1.0139243937315625
-1.530270421831124 -3.5834764270705777
0.291165698806922 0.0246842895957269
-0.5241269884998574 -0.1439824533352547
0.4897454028971393 0.1174657089752432
-0.0493852731441788 -0.0001204459996488
-1.6351561156936856 -4.371974991674762
-0.9061364860471794 -0.7440135646177132
1.4433787558487117 3.0070519200370005
1.3284613323557655 2.3444811950870443
1.4574628327712444 3.095939501686111
0.3162719773915366 0.0316360418685195
-0.850479693327808 -0.6151653221679104
1.9498673311991963 7.413361683618409
-0.2730612806411785 -0.0203601216305539
0.696031257378213 0.3371989627624293
0.4369487926399338 0.0834241193825283
0.1560484487902345 0.0037999542479207
-0.9439109264189338 -0.8409942764444616
-1.036238367049727 -1.1127023478095424
-1.3728192097331693 -2.5872598126993416
-1.6831718109092066 -4.768539093577668
-0.5391380128670988 -0.1567111367110068
0.9294574027726563 0.80294994422325
0.4015321497379554 0.0647382524502972
-0.1685341436777019 -0.0047870029618467
0.6743027898507505 0.3065948598948636
-0.9720303150975025 -0.9184159743370832
-1.0136144794843012 -1.0414020241067221
-0.2663539220180047 -0.0188963223213646
-1.6254428873009186 -4.294525079150998
-0.7945826359166395 -0.5016689367727161
1.7260507372169358 5.142338639405517
0.4383702097789328 0.0842409197158664
-0.8725094197199712 -0.6642175908193585
-0.5402645913041888 -0.1576955779052924
-1.2700880158930992 -2.048808912017919
-1.5808574525207826 -3.950737119014738
-0.2592747722549809 -0.0174293336769928
1.9032709697971 6.894485623586952
0.7464818128617967 0.4159658653490892
-1.040688924971374 -1.1271009048810527
-1.0516798715838984 -1.1631900692051846
0.0970082637056695 0.0009129062794925
0.4131120456099211 0.0705023470789995
-1.9525841781505284 -7.44439309567301
-0.9126051772925416 -0.7600615879990867
-1.2043385258335202 -1.7468102753671084
1.8925625252078042 6.7787670379672536
0.8502203087653086 0.6146026430261772
0.6440874671048453 0.2671988260530098
-0.8345813797991597 -0.5813076965014429
0.7982324493380739 0.5086137953716796
1.583802842979762 3.972860854693097
1.6306993121245847 4.336323398886536
-0.8596935095448859 -0.6353762013053118
1.4363108487216008 2.963093272015095
0.7545645327849368 0.4296246228354126
1.27759373459934 2.085346944404732
1.9147631946469015 7.020130941614744
-1.8010660722013037 -5.842368360161941
-0.1861323076744115 -0.0064485977191969
1.3694558076015335 2.5682900328582514
1.4805370958728599 3.24532264537025
-1.414071955277373 -2.827577567244866
-0.9203310943829699 -0.7795290174543664
1.3465044162569715 2.4413123405501875
1.602599767026966 4.115998670523629
0.6478289674863889 0.2718823971513335
1.5333328544626008 3.6050336594031918
0.1596416891659032 0.0040685433075329
-0.5155773670246839 -0.1370507867297247
1.4493589367285482 3.0445832808370783
-1.2818020937955135 -2.1060221278375466
0.8852574426693884 0.6937592075859706
-0.7899495806635928 -0.4929446059011161
0.1234909092170353 0.0018832369409348
-0.4646179173186131 -0.1002969811129819
-0.773590868512477 -0.4629499100427272
-0.8683901391641888 -0.6548542490394116
-0.4450377616194028 -0.0881435601377303
-1.483272022569213 -3.2633406849622366
-1.9240025575806134 -7.1222454268093545
-1.2051232901739928 -1.7502272411962378
1.3847603389620335 2.6553626922550264
1.5414501834973073 3.6625914846050773
1.3510680809464382 2.466219354020592
-1.4173581279183352 -2.8473365015839667
0.3078592278312002 0.0291780676748737
1.19170851908865 1.6924277275953337
1.2473908758442018 1.9409202409912345
-1.1044114334910864 -1.3470778098824006
1.0739637232310848 1.2387076950932134
0.52201903408878 0.1422522080213047
-0.8547986510284633 -0.6245849055847966
1.2167618818122627 1.8014274973135165
-1.9861950496363412 -7.835481424662096
0.9191877958280297 0.7766274713354445
1.2828365457345376 2.111125109025367
-1.0694995273148082 -1.2233248303608537
-1.2402744695297017 -1.9078903533079892
0.6405206548007532 0.2627843012366347
-0.9802488229752022 -0.9419090907954045
1.549306229551222 3.718876887282585
0.8370279475545033 0.5864349925322104
-1.0018403946223668 -1.0055313512577115
0.5177555106040832 0.1387951177578263
0.0348307911856773 4.2256159083e-05
1.3616153926837198 2.524430141872353
-1.2341142760091457 -1.8796029957816816
1.8601413768922521 6.4363234340219675
-0.2368268567493463 -0.0132828984598456
-0.0063177576624427 -2.521673703e-07
0.1143187099043237 0.0014940046331161
-1.0390995468481727 -1.1219447386283905
1.0199326612056567 1.0609978360304009
-1.9040445622028441 -6.902895918175158
0.5055729417317387 0.1292264659007605
-0.5884576313470777 -0.2037725114014897
0.650602057549079 0.2753888149846075
1.4305205108263146 2.927401340203437
-0.8640318032429315 -0.645043769602607
-1.1506238139094513 -1.5233513244745895
-0.5363732131397514 -0.1543125479537588
-1.1817331235233288 -1.6502822419461627
0.1143620463294086 0.0014957043382674
1.0877130699388862 1.2868947854829869
0.3512572748575611 0.0433387102746493
0.3458348422299107 0.0413624482263013
0.3266006652795292 0.0348378379876659
0.6279684861737551 0.2476358682244598
-0.078405393149815 -0.000481989758798
-1.9178360481807557 -7.053983386187365
-1.220346664389992 -1.8173963657207428
-1.906282236531709 -6.92726182860256
-0.8568019798000224 -0.6289865865927261
1.4078722813826325 2.7905497882168135
1.9771341063832955 7.728734415733198
0.2419502463312946 0.0141637484754751
0.5419827757592328 0.1592049088967934
-1.7592708177149983 -5.445002661886154
1.9427767968571987 7.332781155062607
1.6147665661481478 4.210457094973194
-0.9241305008866156 -0.7892233267856305
-0.4969125785081498 -0.1226987027084838
-0.0554283692714153 -0.0001702928072823
-0.5563183623345327 -0.1721750368676446
-0.6270758690688774 -0.2465813728212262
-0.6311546377675676 -0.2514243484552198
1.902570259045131 6.886873577958382
1.3816877637398828 2.63772632958864
0.6302333830091675 0.2503249921055464
-0.7864588617624935 -0.4864386014674875
0.3926103501970517 0.0605180928775903
-0.1909074709879937 -0.0069577492523539
-0.1210446018641211 -0.001773520769892
-1.230788497915213 -1.8644480501578804
-0.7694906302272093 -0.4556275831999535
-0.1602331241819117 -0.0041139300363448
1.931442726445571 7.205191089865363
0.773050102720735 0.4619797363073255
-1.726726148138619 -5.14837765817292
-0.847282639710714 -0.6082539308275583
-0.2317441950442678 -0.0124459081890272
-1.9846066018910258 -7.816697315355458
-1.9348319180957687 -7.243187529591752
-0.0239654534827385 -1.37643895062e-05
-1.9154058134160468 -7.027201448493434
1.3655617512285652 2.546443424212192
-1.880618909340222 -6.651236580148384
-1.043546227441912 -1.1364100796746095
0.357845187026792 0.0458232133872138
-1.146182601044432 -1.5057796892596167
-0.1418028768397135 -0.0028513801714404
-1.4756809767357453 -3.2134935773501234
-1.365940526078076 -2.5485629833306462
-0.2479345226093805 -0.0152409138251641
0.8318051777815727 0.5755258808840388
1.8937418281151324 6.791446992264804
1.2410582228334497 1.911509537259475
-0.719067190750255 -0.3717991737306167
0.0631419357124026 0.0002517408389331
0.853021084903133 0.6206965028335232
0.1389142864540003 0.0026806538487241
1.6184942587758946 4.239684013647713
-1.3240651846333056 -2.3212830421707102
-0.1009812657267943 -0.0010297277813753
-1.456463725678462 -3.089576961680702
-0.2263296029102708 -0.0115937540871596
-1.2430788634294667 -1.9208614737812866
0.0488226874225011 0.0001163764335729
-0.951282959329784 -0.8608533055533509
-0.1946997415894183 -0.0073806757354842
-0.1520703072039229 -0.0035166833873208
0.4395302247918487 0.0849114457645766
-1.2408980905663558 -1.910769713316851
0.8827627852209665 0.6879106747865875
-0.646785783868459 -0.2705710936580227
-1.5619195799161525 -3.8104477209285044
-1.9393338439033103 -7.293865147154041
-1.424890505845792 -2.8929736515508666
1.259041646137041 1.9958150230525453
-1.3007783900315544 -2.200948800906661
1.688738004283683 4.816003914744249
1.5625176099271303 3.814826246037118
1.8989962769547528 6.848135420930486
1.940865182527149 7.311156960032645
0.9038254127674734 0.7383353202188923
0.898547681031717 0.7254765567658382
-0.9541576080648806 -0.8686810599615903
0.275830337212124 0.0209858271318907
-0.3532078535472039 -0.0440647240290503
-0.8985582902063967 -0.7255022542281592
-0.8462564645417072 -0.6060465702792335
-1.4417209617846902 -2.9967025587520757
-0.4048244993167733 -0.0663438029184908
-1.409188445512786 -2.7983834310029043
-0.4029500266561046 -0.0654264816567272
1.3371292928720733 2.390673179842749
-0.0849897139158142 -0.0006139020761041
-0.0127481886624579 -2.0717886338e-06
0.1228229141940167 0.0018528411725827
0.7517697911154668 0.4248685754119531
-0.1474529971380507 -0.0032059800344519
-1.6549818647876484 -4.5329373582328785
1.957604115632897 7.501957650832982