-4.11157412578477 3.1356094995641803
4.657715027043855 -5.645497384453758
-5.441645505187955 4.454858021265037
-5.586266363356666 4.598761304768837
-4.873490392781751 3.890205318406299
-6.244255616330159 5.2541180668376235
4.680251306172073 -5.6681372486664925
2.8606761563162753 -3.832750824591854
-7.569548221480207 6.576113564193927
-7.757962936267375 6.764196941976828
3.573947104284075 -4.554633318213019
3.849352225662445 -4.832331896796622
2.316379890861363 -3.2774083845912005
-5.986802240634983 4.997586649820667
6.921272394349193 -7.915296318011582
-5.476772897569779 4.489805608194259
6.080562372956463 -7.072986646349957
0.8476305141817306 -1.7030798638456024
-4.362858793814423 3.3840321842097145
0.5026053397545809 -1.2680464693581481
-3.115918651674292 2.15929076791448
3.791147210680252 -4.773677225940488
0.4060257083954717 -1.130178431162788
2.0744766183950176 -3.028417198049699
-7.990769812662182 6.9966277762648
-5.432577988965297 4.445837515473975
0.4404593299714854 -1.1805756354370052
6.117710820072643 -7.110218632398766
-2.9047488437471856 1.9550296716923297
1.700487268881897 -2.6390722147727645
-7.291566213327339 6.2986704913749385
3.115608208224712 -4.091317820929659
4.094974278848973 -5.079673870887834
1.2973532291724883 0.6232417685036348
2.527308560481181 -3.4932774003704132
-5.143902005333665 4.15879783581715
-0.0265348081428716 0.0002346985186567
-7.271251405574296 6.2783976298563156
-7.064421972015717 6.072017111837963
-7.55560505035132 6.562195950085452
5.056568973902868 -6.046007593288909
-7.8179392853595076 6.824073042889929
5.235323567643269 -6.225397638268997
-2.926660524769053 1.9761542863181043
1.8628268539331236 -2.8088850090081006
-3.041690619360965 2.087327329033902
0.4802634112349438 0.077203699029085
-7.259743386208795 6.266913536361595
1.8999083388623532 -2.847484680230354
2.8512012434540637 -3.823125600822644
-4.75427107076626 3.7718936887264953
-1.3845366380706992 0.589628105434651
0.8878758408924519 1.4801134407919594
-1.0008267386643954 0.3226931953076138
-3.231891559948993 2.272035919663142
1.0428203464899202 -1.9278731585304665
-1.8808870583955457 1.0013208529825284
-0.0107940790590213 3.88373791018e-05
-1.2751043850710904 0.5077446019567503
-6.929774144783991 5.93768448776227
-1.0579931138435406 0.3585891008832702
2.9075878389820637 -3.880389435507432
3.906372476775424 -4.889776163973405
-4.06696108644865 3.091563388778931
0.0372078320218616 -0.3343315252740128
1.4265051641402557 -2.3485181063577603
-1.1055035501495496 0.3895546084372633
-4.795633374350675 3.8129330096587695
5.769849517880111 -6.761517148442028
-5.75581667596882 4.767541620587295
-6.80324602760459 5.81147065955608
-0.7656375270720073 0.1923041288021622
3.7659938706746297 -4.7483240846792425
-2.6525195105722563 1.7132913352696184
-4.469667985909991 3.489774757893299
3.666039266103219 -4.6475409759590764
-7.088597507366476 6.096138039120196
-7.272045856556648 6.279190433519723
-4.337300090054466 3.3587410327977136
4.3344465601948325 -5.32058539128885
0.0530693995882316 0.3985387964785503
-3.130359037254033 2.1733093646878547
-4.637351202168874 3.6559364301863497
2.778281764082445 -3.7490081354895217
6.466639495240683 -7.459869041388915
0.2174630895657277 -0.8154754196949746
-4.619819416417627 3.6385556386170417
1.4820328877205213 0.8915055155330698
1.3625245336556162 1.575433177665287
-3.552935067202597 2.585760996455759
2.9397882555064534 -3.9130727048035583
4.735727116415971 -5.723862538725796
3.0462314836519973 -4.021024745352564
-5.696538985180521 4.708524927118471
5.980902926841404 -6.973096091243674
-2.015075396334076 1.1206819537479553
4.12740593394361 -5.11231312614837
3.581940715977133 -4.5626998112982555
2.5313402225320925 -3.4973942767989405
-0.4539373002793532 0.0684508421545768
3.0365007757901203 -4.011161423809883
1.2138531537522486 1.585373621517975
-4.397098211610096 3.417920801294211
-6.14564864217626 5.155849848182331
-7.087329488850475 6.0948728702657125
-7.747418976268921 6.753670858212793
-6.187736096951069 5.197790631980672
-6.22435792098489 5.234287367859171
2.5149105345796983 -3.480615334129389
5.371876130147703 -6.362397968954932
-6.965630782808134 5.973455310561374
-2.6905486460478016 1.749551840873359
2.4545100397298345 -3.4188841159727428
-7.253497582172059 6.260680767746637
5.276449968334385 -6.266662160227706
-5.240754795197114 4.255069836351153
-0.5634823056015641 0.1051496989672071
2.0999456182553224 -3.0547184250378
1.4322128512255201 1.5493505706553463
-2.660666476311105 1.721053197587042
-6.007837253771479 5.0185416288938125
3.183196188515179 -4.159751802494102
5.301955602942224 -6.2922520189010624
2.7693161124535486 -3.7398899810911086
-5.027842423573464 4.043481281512862
-4.196008285858516 3.2190218599520066
-1.697893116234333 0.8432362435992283
5.289965678618756 -6.280222636962937
1.6400677400723644 -2.575477752752964
-5.49837703024833 4.51130095169694
-5.1347583240888905 4.149710778550663
-5.623165421042652 4.635486532183957
-3.986569003773397 3.0122434817887687
3.373219090819873 -4.351931919941091
-5.099646195811568 4.114819073481297
6.432688815506381 -7.4258528044176435
-0.2203242691118632 0.0161745259207673
4.190368699257144 -5.175667134866512
-2.9057282368527027 1.9559735063162529
-1.635451074441331 0.7907791898384646
-5.23515450260782 4.249502206234749
6.419207758748934 -7.412345453077438
0.0446186184485242 0.365530908798235
6.355035826769544 -7.348046259418785
2.8563928109498544 -3.828399675876194
1.1546593382458372 1.5773427277376224
1.718520651391147 -2.658008674682724
-2.117940481230381 1.213782678548185
-6.546199748089233 5.555122890550836
-4.378196486645166 3.3992116687941407
-3.410857593254679 2.446662009188752
3.1343881112213534 -4.110337279026008
3.4258675708245967 -4.405125993190746
3.7094423827358938 -4.691310797387861
-1.7435284332619396 0.8820835318629344
-6.345921154343458 5.355451560754609
-4.051723855927607 3.0765242781092583
0.6422974910337658 0.1389062953736257
2.5100295820854424 -3.475629600202538
6.5712694355911445 -7.5646952143919615
-3.9075014531013768 2.9342984221983444
-1.2991772130260042 0.5254071649955975
-4.198755987584814 3.2217373868612484
2.1909349013826382 -3.1485063448199293
-6.0054268193933 5.0161403209045
-1.3392529767792833 0.555257391605992
1.653109290453699 -2.5892247616781257
2.3245120679726643 -3.285750145965178
4.3543027321546095 -5.340551749078385
3.149078428932434 -4.1252125506927335
2.838364416619461 -3.8100832098145134
1.6649023406000847 -2.601645999899591
-0.2159952587306364 0.0155455196378725
-1.2656841131431946 0.5008892023983429
-4.299912765890337 3.321754117746584
-0.0279127822542993 0.0002597075952074
4.1642059846182065 -5.1493437024547974
5.30410767337977 -6.294411146345002
0.3395714049245644 0.9895169766968533
-2.486824969645566 1.5562364131393156
2.28927881945444 -3.249596636249327
3.8553930444184914 -4.838418394820606
-3.41966742304545 2.4552759967333135
1.8104212329709115 -2.754220798106524
3.316530852480188 -4.294632061955955
0.0444132367473262 0.0006575139995691
6.092297157627746 -7.084747969715197
5.3601045552443445 -6.350588993160137
-7.549744532263358 6.556346218289605
-5.240569453792313 4.254885574147811
5.3871648134840004 -6.377734901308133
-5.6880655770503115 4.700089529951035
1.75883251633301 -2.700269792084811
3.4875852694523903 -4.467457228983886
-4.110309142839842 3.1343603268575846
-5.4945921866008 4.507535069435368
5.642237523135115 -6.633561368423951
6.478578822500449 -7.471831199872451
-0.6224628155089196 0.1280295021424945
-5.956619629388902 4.967520438972682
-3.28677710591184 2.3255133381970996
-2.6744537475222785 1.7341965213043906
-5.765350839400455 4.7770345938453715
4.369193120729358 -5.3555239138323145
-0.355087190637235 0.0419596222649671
0.3485767976717682 0.0405657630104274
-6.585364170736323 5.594175310970552
6.589211387170135 -7.582669961089059
-7.175347003020725 6.182696324619665
-7.788272271956679 6.794455313753791
-6.664295630075742 5.672887308515348
-1.367798129141086 0.576846380596202
4.511542867851226 -5.498620163046665
1.971441034863986 -2.921773249187524
-6.349827871653803 5.359345851854998
-4.106764092646689 3.13085966530502
5.370136445420668 -6.360652770690678
-5.636684749385459 4.648943068233906
4.595005362788612 -5.5824924378549
-5.173082900412972 4.187800128748851
3.6515887669385183 -4.63296593901825
1.164359101762365 0.4844622532620842
6.225560020937731 -7.218302716686996
-2.572587645366216 1.6373273294987374
-2.205828881137599 1.294267302614017
-5.609630476346153 4.622014931320586
-2.9149015351589806 1.9648154821251669
2.311517163114143 -3.2724195324811403
5.484179639053053 -6.47504752406868
-6.488209837849322 5.497302750249256
-6.904269391501932 5.91224163065899
1.5342072115866472 1.005410286614013
5.075731942936953 -6.065241544019767
0.8245445120867281 -1.6757567434738943
-3.335605741384155 2.3731482916516997
4.455014749925613 -5.441803048445948
-3.435391761151486 2.4706546138088394
-2.1049662707125556 1.2019714989178754
-2.7438203769708753 1.8004656116239854
-7.9890701407951665 6.994930725827849
-3.8931527474861567 2.9201610848242385
-6.58836044715715 5.597163104931619
4.789843739051165 -5.7782152227531824
0.4620265742139082 0.071419001890927
6.914227218536341 -7.908239917972796
1.8032385170918503 -2.746717691128847
5.930843359728096 -6.92291644469055
-1.7926787478395418 0.9243692473904834
-6.761467575554914 5.769800074229318
-0.5110706444899851 0.0866402151758488
-3.2153598955386897 2.2559428247689985
2.4167313478301082 -3.3802339206819196
-5.807772147377557 4.819275208671526
6.8973589318819855 -7.89134462875077
1.9484275774673188 -2.897896977633575
-6.160415852754003 5.170565236354175
-0.2427629191941847 0.019634218732778
2.923029094877954 -3.8960638366582527
0.9035076849195391 0.2802272535604236
3.901296684632351 -4.884663267682405
2.0679993081680603 -3.0217246295160853
-7.876038074414195 6.882076998136319
5.91559075520078 -6.907626704879493
0.0774300086495714 -0.4829608998603283
6.378868435138486 -7.371926539479944
3.30147020047756 -4.279404531478081
1.6170626634922396 -2.551199962674234
-2.1219313866637037 1.217419606810025
-6.294729795832444 5.304425282022585
3.4459775465455547 -4.4254388979418895
-5.457828973554193 4.470958198161649
-2.864160953629412 1.9159474109647117
6.186412423113179 -7.17907114781014
6.09432319868181 -7.08677857868723
-0.2187439831550204 0.0159434676207169
-2.4115069169258536 1.4854166858364486
-3.4215351694911273 2.4571024223037496
6.954774948009101 -7.94885181928086
-1.8690511143067177 0.9909207709650356
-2.8655059311520255 1.9172414765971248
1.0863908449518807 1.5614045042658358
-5.582360436812969 4.594873991452932
0.7639506915844336 -1.6031131615804695
5.662965950245097 -6.654347061648856
-6.3254162802143306 5.33501230438342
4.438183867117857 -5.424884257946778
3.5821610005238984 -4.562922098490597
-0.358673007503425 0.0428091980604389
2.4328694826990986 -3.3967481554914465
-7.145484010246829 6.152898330990304
-5.5422888357531335 4.5549957444240965
-3.2668393710309314 2.306078772817388
5.716600806851645 -6.708127502521381
-7.818506225530022 6.824639046946451
5.162158211155823 -6.151979269191816
-2.2453764648192127 1.3307355416144593
2.3403807436571267 -3.3020230239887067
3.013274462189724 -3.9876143610233834
-6.202318686908852 5.212323133458367
-5.1292834648733 4.144269975938738
2.0399673029961445 -2.992743713050704
2.456422556221815 -3.4208399304740738
2.1711781932084318 -3.1281641350030576
-3.5006445311373895 2.5345234187378147
5.417753616558906 -6.408419144942767
5.21571035894163 -6.2057175334957675
-0.4842493995626356 0.077841160432387
-0.5878061887284893 0.1143246849953791
0.0640815758605573 0.4377711956912744
4.351717669082515 -5.337952414972855
-4.1058483802686006 3.1299554383385284
-5.959918433635579 4.970806430671423
-3.3832180982170232 2.419647145287375
-4.594246297499851 3.6132060316545695
3.045134068812896 -4.019912426092599
1.1663790985651286 1.5793819899371961
-7.922532248420155 6.928496847537768
5.417389883296218 -6.408054285272584
-5.558190106857145 4.570819761935375
-2.04048576954302 1.1435609301637586
-6.669294558037009 5.677872612236539
1.3356465573235 -2.2506900395614147
-3.9332866716993222 2.959709829322554
-3.622369080894007 2.653868745758762
-4.729346933376773 3.747168486490604
-3.2635962013600963 2.302918340441477
-4.8977494153905745 3.914288109952208
1.3193479763890554 0.6494270717488205
0.9265283625042926 1.499746781268754
5.998420295583612 -6.990654838571766
-1.549491789946238 0.720010156945032
6.9333888234215255 -7.927431977307904
-0.699309364181687 0.1610211714590414
4.906667680723993 -5.895525476734232
-1.6180734060828392 0.7763323726023129
-0.730820619119708 0.1755647290876626
-5.896446680217405 4.907585185656223
1.5373184256453811 1.0135332445515126
-1.3434754105891162 0.5584340148199173
3.1020903059478755 -4.077625288069214
-6.097126796490475 5.107501076677635
-2.6290660666766943 1.6909659641406518
-2.0265078336124187 1.130965357128727
-2.7547794298529062 1.810956113154962
-0.6030810411296184 0.120273929540211
-7.578723724696483 6.585272329793073
-3.061329915182288 2.1063512906414545
6.49964739988331 -7.492939786454229
4.454108830715528 -5.440892419686015
-3.5792510074407833 2.6115649005530286
-4.100483575119224 3.12465808316101
6.594432643500735 -7.587900715161164
3.770305689760145 -4.752670394448396
3.5189366648264 -4.499110014271868
-4.748791530209131 3.7664576019598774
0.3377682551972647 0.0380836412972276
-1.6955221772529576 0.8412293903506105
-5.129501129343492 4.144486284228616
-1.0617327123368465 0.3609898692103846
4.6139337140220515 -5.601511027852822
5.354367222437615 -6.344833351726834
-1.1096373501304075 0.3922958018175144
-7.475707107533184 6.482447357144108
3.447775641372189 -4.427254993517243
-7.793380830589115 6.799555343792242
1.2442910639869158 0.5641987078673006
-2.5231359183422803 1.5905138539872485
4.256785317152106 -5.24248031755213
-6.7477843574381655 5.756152642626218
-6.102320180362838 5.112675728432383
1.095972245526708 1.5640431817407034
-3.857085085831544 2.8846356006776697
-6.891298761657868 5.899302755624895
-5.305834962867166 4.3197783748383
-1.9924443496252648 1.1003754915300983
-6.466616892591826 5.475774249581793
5.144177305519094 -6.133934711769791
6.658529971989617 -7.652112980250813
0.4402417401135654 -1.1802618601989785
-5.570714911669285 4.583284206328842
4.711118057940926 -5.699143764998162
-0.3387030360099814 0.0381851203806116
-4.443566535907523 3.463926542062938
-2.806777143047963 1.86080367873278
-7.302149480094258 6.309232050946857
-3.0300636099698295 2.0760702947889653
6.609388088467309 -7.602883251129846
-0.6066399930052189 0.1216807436741399
-1.3137420845132048 0.5361922651156152
-5.611726995261817 4.624101606919012
-4.159241799165793 3.1826923292807248
-1.2195408281629803 0.4677821569911758
1.4738696004832263 -2.399185815925149
3.4962620017195327 -4.476218050607053
-0.4935152435361463 0.080829083250166
-0.3935887138775022 0.0515215335256554
2.417188448823694 -3.380701753956828
-2.776720413342579 1.8319753262355625
-0.0738609970644237 0.0018184551581879
-7.879939023835274 6.88597165862102
-2.747610575497628 1.8040931393493804
-4.774715164612433 3.7921770407655857
-0.7524294416438355 0.1858718734505728
-4.96483985311723 3.9809052114787065
-5.119612034434208 4.134658988011218
1.51140198642279 0.9513326265472472
2.878617979335928 -3.850974030204113
6.382500285500344 -7.375565611863645
-3.420415930173215 2.4560079360172598
6.1746940431231945 -7.167327349774517
-6.54648687494006 5.555409188585995
-6.300973048608091 5.310648175148768
-1.8710422048171296 0.9926687587677416
3.613594562052006 -4.594638283472377
-5.377931694715047 4.391479852124713
-0.9883297329735115 0.3150517122470804
-4.803465801460449 3.820705260653974
6.87062527635563 -7.864567804001737
-7.230274517292389 6.237506482112738
-2.9487967330934097 1.9975130480007757
-7.817624326748989 6.8237586044214
0.4656545464942248 1.1439852161098067
3.182190325115938 -4.158733671151901
5.339234843746215 -6.329652430648218
3.341493187903973 -4.319866893226639
-3.2714952160240944 2.310616279067241
0.5461240604706177 -1.3270684328070614
2.2899534101502645 -3.250289148495173
3.6109450968132975 -4.591965235402907
2.864952468125182 -3.8370945859578898
2.1303345923025496 -3.086071657408402
-2.9634714162848166 2.0116818958274996
-5.91528425736492 4.92634752959085
0.2816668275496905 0.9057195879052093
5.140930159291322 -6.130676007498032
5.167953824615854 -6.157795273241716
4.89884417219808 -5.887670356394661
-7.480533431458362 6.487264516885744
-3.1583606715364567 2.2005096998746834
-4.332975204742478 3.3544619119446293
2.0617334389519204 -3.0152491126533434
-2.3169643464146468 1.3971108413954256
2.9807887247596945 -3.954669810725572
-7.3500773379783215 6.357062831770697
5.796057938463441 -6.787793654006615
1.3268182174303913 0.6585759334792646
-6.173378874569183 5.183483088987396
-1.1737199136632395 0.4357141797888152
0.147520699375125 0.007254981763625
3.4578579224349575 -4.437437775730176
6.447567912860023 -7.440760748851416
-5.568701298574506 4.581280268488871
3.56676741442463 -4.547387817659242
-2.2036314261941463 1.2922453515640044
5.622772233267938 -6.614041783521115
-5.854935207140128 4.8662422050432905
-3.4312043935736174 2.4665588352784495
-6.783721938433969 5.791996718749053
5.9062674332867005 -6.898280555568984
3.3212746464033867 -4.299428031273823
0.7989711246985145 -1.6452688470816212
2.6715684212930206 -3.6404004359739415
1.7158031660041502 -2.6551563606257487
3.568586580990422 -4.5492236906034105
-4.848385334856438 3.8652855722236774
-2.337084371987162 1.4158445776014073
-6.53800902673143 5.546955860724426
-2.578774577312073 1.6431943915027107
1.751465653027811 -2.692553688577783
-7.437581867983465 6.444395167926316
2.738309730182353 -3.708347019807256
-7.861931406409528 6.8679931541090715
3.968512229423077 -4.952360353498488
4.962169466664545 -5.9512477447237195
-3.679634536888088 2.7100981478742154
-7.98384871706351 6.989717366136992
-3.578509946982379 2.610838099995002
-7.513695755406432 6.520364371934948
1.0996442502852464 0.42660734762125
-2.597845221792534 1.6612928604744324
-7.929353797728544 6.935307606987162
0.8268125392247256 -1.6784492154108341
-6.069567181958062 5.080041715013918
0.3896715309933008 1.054953811447714
-4.557356981744274 3.5766461139206527
-5.7116735423189375 4.7235920341115865
0.9384421344343484 1.5054375897442314
-3.6375719056148577 2.668791583993153
5.950138618890662 -6.942258312489013
1.7710036369890751 -2.7130112556665464
3.8583894230444753 -4.841437363753866
-7.071124073348557 6.0787040154816125
-1.091861696522317 0.3805611788314538
-7.3102476941041346 6.317313721521143
-7.676925137441806 6.6832985234962905
-1.944821035249456 1.057869850751391
1.8769635757734184 -2.823608071607017
4.175711019360394 -5.160919733235964
-4.689538712259193 3.707684935230244
-5.016516778497614 4.0322310630275435
-3.269021284842349 2.3082051642962664
5.879653769652782 -6.871601190474631
6.691441765782219 -7.685082619438822
1.237707508618465 -2.1441589034104633
-6.647937967303033 5.656574453288401
-0.4795857013163367 0.0763580413463855
2.9239877495337705 -3.8970368681369303
-2.6176416023528066 1.6801016549911765
-6.262108238717515 5.271911149040339
6.218977448114623 -7.211706124982717
-3.467660282028122 2.502228714256465
-0.3778408917530402 0.0474934049134803
3.350155092056859 -4.328622177575161
2.455387459846687 -3.4197814099231216
1.8149584307774216 -2.7589590031050717
-2.705664200467874 1.7639844961443802
2.8320337642819293 -3.8036503588491097
2.549959680321578 -3.516403214258829
-7.896082609680421 6.902089322121127
-5.039299843466155 4.0548629404062675
0.725384730071367 0.1779853080174118
0.877919779362669 0.2638919171157449
-1.1453098723701274 0.41625400356157
3.6393864873986015 -4.6206575245511665
-6.58817797358496 5.596981147594617
1.8726379498248404 -2.8191040363332105
-2.5747888782044708 1.6394145027122182
-0.914975470149832 0.2717490907091973
0.0727133153760402 0.0017624338402536
-4.638842111955345 3.6574145821653903
-7.85929153074636 6.865357563944567
-2.365083797299386 1.441969090049884
-4.948899776394079 3.9650757656170006
-0.2314216680625804 0.0178438126759077
-6.3069850676894195 5.3166406486711795
5.999846333618084 -6.992084230693424
-6.491203314880357 5.500287346468011
-2.8941459035975434 1.9448139893667824
4.980834506541241 -5.96998547188649
-1.544645118448063 0.7160734705704591
-5.519366864571964 4.532186374232178
1.0586687364384364 1.5530650428095973
-2.259478511811265 1.3437748738502282
-6.61843026908285 5.627148467985473
6.311355311894943 -7.304277093023385
2.0883567979412394 -3.0427537035212904
1.3999717989255558 -2.3200393303410483
-4.561482890349071 3.5807347640403404
5.388402938397993 -6.378976917528535
-7.688815286756162 6.695167933171387
-0.0612071633874063 0.0012487616782008
-0.0527416121658675 0.000927220846424
3.3311700288054595 -4.3094316574073215
1.4077566786836329 0.7677457117930042
-7.774570959544136 6.780776962263633
-5.416324182870504 4.429668599489811
1.0012870712854873 1.532596152267157
3.5316634405941745 -4.51195722590005
-0.0232075946728134 0.0001795307337203
-4.8878685120290335 3.904478654303808
-3.750202235568077 2.779455977907234
2.9078591545990005 -3.880664873422998
-5.233732267289133 4.248088283351456
2.7119191283025064 -3.6814882220860903
6.447139990938828 -7.44033199983178
-7.922237642677741 6.928202708439632
-7.43869940814875 6.44551055005544
2.6992912821232267 -3.6686325048742714
3.8364803470443647 -4.819362072283399
-4.4498274464941545 3.4701262839190083
-6.343585917903452 5.353123763593123
-6.694146940396317 5.702657736121773
-5.064307054568694 4.079706666789625
-7.339017176994294 6.346024896124882
0.0797674593421007 0.4881214798715298
-7.91266570757274 6.918645964603589
-2.368061016102482 1.4447505724714256
5.307266338837449 -6.297580155749397
1.0208234454640301 1.540039507501667
1.3135409478263895 1.5843432658409404
6.729678918494191 -7.7233860041525455
3.3100486760928156 -4.288078290706446
-4.393567911801391 3.4144262746767144
-0.3858829173869936 0.0495302460273292
-3.602763315077869 2.6346294708969604
6.4857448091566265 -7.479010834642221
0.1956040672661885 -0.7723356050288444
-7.961495228825954 6.967398588816838
2.493281082364321 -3.4585179301575377
-1.8662266112209205 0.9884422138578332
-6.305166482123012 5.314827969274776
-3.424875952249364 2.460369468395745
0.5463465815836521 0.1001103307243212
3.3613471805300126 -4.339934039214317
-6.89646814438065 5.904459460080893
-1.6803916297548884 0.828449697191783
-1.1369525377707639 0.4105928838100199
1.5664176205229463 -2.4976195177056013
1.4900655278487775 1.5094341751949631
6.924923317699681 -7.918953045569507
-4.569747868125274 3.588925424053915
-0.2712843446728659 0.0245136319539488
-4.008312932799635 3.033690773062626
2.297834012126085 -3.258378227897282
2.005178100806564 -2.9567363994411493
2.1999088151659425 -3.1577423246109446
0.4943191237850684 -1.2566140320252661
-2.6022611065080863 1.6654865640501577
-2.4323155171302293 1.5049430593013169
2.02220256694806 -2.9743626825785294
-2.0731263199665637 1.1730672047544506
4.614542902185239 -5.6021231041302055
5.75232189392681 -6.74394352244879
0.4046833156757401 -1.1281818947738045
5.509715381583137 -6.500659318718824
3.8425632027846 -4.825491318417663
-3.157433667650979 2.19960887861374
5.0713829351000825 -6.060876489526366
0.3799005773141193 1.0426483129356525
4.259015024084313 -5.244723060393143
-4.112923291351464 3.1369418195181757
4.234589430424224 -5.220153692553678
3.9204941640464153 -4.904000435804239
-5.287677122130535 4.301722771471299
6.673017040734598 -7.666625607771598
5.187404194157391 -6.177313631157415
3.3843575868438016 -4.363187606481947
1.404960229087525 -2.325398931043831
3.5657539157757228 -4.546365002220163
-0.0123413783737067 5.07698698531e-05
1.4397099427333941 0.8173408797262873
-1.3284409734032998 0.5471504029844013
5.422183373029371 -6.412862603205978
-3.098257897085542 2.142153981721632
4.571528080465525 -5.558901867057017
4.746329707436926 -5.734511938306277
1.4329628142093451 0.8064781935035751
4.8562728549511345 -5.844924658720322
-1.0145274172295782 0.3311565756242248
6.487270561044399 -7.48053948710376
-7.879609050053126 6.885642216429435
2.306474175965045 -3.267245107369325
5.282135418173683 -6.272366478604029
5.080554498766816 -6.070081851074892
4.403977829295686 -5.390496856801736
-0.3693542901720992 0.0453898034304314
2.1313143898170708 -3.0870820376387256
2.088999111147734 -3.0434169716690507
-0.3935046839989411 0.0514996101636204
1.0605515508968146 -1.9478361283553784
-4.026794527160021 3.051924160183826
-7.351593681444435 6.358576136345017
-3.659953997799784 2.690768009511407
4.583914861926674 -5.571348609855345
1.3871837267357119 0.7380200143887207
2.6493767055182147 -3.617792031721749
-4.595499690829074 3.6144483788804647
-4.845328183604357 3.862251194098076
4.388855671361881 -5.375293343913907
0.8849958450008018 0.2683511492082316
6.301494225369845 -7.29439576067065
0.9034717545798188 -1.7684537550897574
-1.7981699811942882 0.9291209259210106
6.333138340842256 -7.3261045402024445
1.795437968068434 -2.7385661319761336
5.193827210504777 -6.1837589500226535
0.6648292530484259 -1.4808521000200294
0.4243554665625684 1.0969988317500778
-7.253616827280421 6.260799763651636
4.841853460846481 -5.830445279497335
1.2551915141028083 0.5758893572774966
-3.790473445039616 2.8190678797524926
0.9191522538131665 -1.7866425920748032
5.723467559419294 -6.7150126285035405
-2.3502254470862507 1.4280979512569552
-3.4589012742090386 2.493656229840102
-1.3222370856638648 0.5425163982456491
-5.45326786631707 4.466420486665804
-2.1389739483968278 1.2329702184664542
1.9407223502336617 -2.8898979228954467
5.8527781482188175 -6.844658398672497
5.515548172429106 -6.506509348531075
3.411680965780036 -4.3907944353479165
-6.3299290530995975 5.3395105783875
3.3448454345730827 -4.323255350178334
4.057518901238302 -5.04197340487635
5.218513183759805 -6.2085299592032435
5.78824871660399 -6.7799642322478375
-0.471822606154813 0.0739201667072652
-6.150895307178365 5.161078056177489
-2.9951374263175836 2.0422815926065563
-2.69888902408268 1.7575140290727982
-5.755838141443549 4.767562993083475
-1.453502549470615 0.6431993512396665
-4.071253120218895 3.095800034227793
-5.8105686947470545 4.822059990179487
4.215332500984646 -5.2007818896339515
1.34908939600008 0.6866843053504719
-3.79299110797154 2.8215450457696267
-6.600836690697118 5.609604158548484
3.542554395768329 -4.522950383319206
-7.595774590172416 6.6022922602577205
-7.609629041323923 6.616121735793142
5.026307708678656 -6.015632770014184
-1.8516421128370375 0.97566452346469
-1.9456751375514756 1.0586293791904766
-6.293554351153805 5.303253677669786
-4.200801565395238 3.2237590543475823
3.191059785937421 -4.167710980467154
-6.92836883246267 5.936282567259236
6.881187181646711 -7.875146819710808
1.8074671412883456 -2.751135261711542
6.447594157651896 -7.440787044365004
3.430413987043849 -4.409718546793396
-4.693130879304249 3.7112474486823306
-6.653849030752674 5.662469284874346
-5.229554905957869 4.243935378391096
1.0314612812214357 1.5438883507917955
5.829079072213421 -6.820899395044624
4.498595095357141 -5.485607033067094
4.6154110865989 -5.6029954028109525
1.716123343822316 -2.6554924471447086
3.5318974895551527 -4.512193479523412
2.0533600992346983 -3.0065934165935593
-7.3162992943914364 6.323352996873681
0.88264561986011 0.2668651792144026
-1.7507547746306678 0.8882723184872104
-6.1638128662590805 5.173950384116066
-4.71819578086642 3.736107411987335
-0.9870580429813086 0.3142783423534414
-3.1000847075749345 2.143926174190382
-1.945100983635237 1.0581187892516983
-7.021956116409486 6.029648615490971
-3.2235883381378176 2.263952117782434
3.7494762842773697 -4.731673440239671
1.9144296972882648 -2.8625834349437276
-0.2284607295702088 0.0173904280723031
-7.885528398208271 6.891552039072404
4.7216275431416825 -5.709700289125436
-1.09805202031718 0.3846320999525283
-4.907424405582676 3.9238935802010086
-1.7294469642948531 0.8700527496004219
5.257874264704482 -6.248024428224405
6.406989086838378 -7.400102818099419
5.9518927209644374 -6.944016631379492
-4.563168228648708 3.582404913586731
-4.124467842574848 3.1483429306277326
-4.814717763548684 3.8318713136544655
-5.970687848908055 4.981534172889359
2.2632246233000135 -3.2228410103007676
0.4776397882863286 1.1570395568868101
-4.05763007131328 3.08235342257305
-1.3104983951964702 0.5337840084674556
-6.450364119038866 5.459570431984529
0.983436492902877 -1.8605177523277587
0.8033596865864876 -1.6505179136436543
-0.383020175305516 0.0488003442444733
5.4757813482978435 -6.466624012669747
6.585100716604517 -7.578551798471709
6.075638552685437 -7.068051649150987
-0.2474006770773638 0.0203909417552636
-3.4812327821046978 2.5155150382901947
-4.0020040538714206 3.027467443536353
-5.16410737304594 4.178879197396976
-0.8395956151421213 0.2301346125012678
2.308438208253678 -3.2692604067638307
0.2424809009615654 0.0196093613080256
-2.1414800736722164 1.2352596068719788
1.1824850239786393 1.5818308644115127
1.613211782747582 -2.547132431916169
-1.5680774593430264 0.7351608814857755
2.3680544629220996 -3.330386882684987
1.664844456442399 -2.6015850546649624
-2.971315668729275 2.0192588229767594
-5.068701883810931 4.084073027267423
4.1037156527907666 -5.0884716160669825
-4.478647489226862 3.498668213285195
1.018055491303043 1.5390143212561704
1.2874388111304071 -2.198405612810187
-7.569529089650115 6.57609446733004
4.423577632543555 -5.4102010271170835
-1.0911653816302564 0.380104315239638
-7.056624028537158 6.064236908188922
3.0798473375258215 -4.055090895270654
-0.2911511746088546 0.0282305770574914
3.5982719835630466 -4.579178713840417
4.785614328049435 -5.773967615961936
-1.5629512009656423 0.7309734641826744
5.980225109207961 -6.97241666589518
3.6850075372948017 -4.666670850100964
-1.5081914613368017 0.6866581620860729
1.5682844411460835 1.1124637803336876
2.159432516436368 -3.116064695657402
5.423853611844876 -6.414538000490502
3.0280083298455978 -4.002552392463517
-3.313712974581902 2.3517840672486665
6.735533970165687 -7.729251106510883
6.613391391508175 -7.606893777461395
3.7227492496993726 -4.704727928715801
2.8390845942135297 -3.810814979016768
-5.662911682553137 4.675049532853359
0.0712045584359 0.4613362511584816
5.447488645567578 -6.438245575822278
-3.8010305239849576 2.8294557050395652
5.116592637343986 -6.106251234873164
-0.8409235496028522 0.2308414716802314
-2.7986497835484805 1.8530046316349584
-7.736680405575623 6.742950572410304
1.2796981469952637 1.5870013972048338
-4.540530122813793 3.559972312399139
-4.734252489891178 3.752034627808943
-2.1440021078766502 1.2375642084583205
-4.217212033951531 3.239979018043987
-6.252662391625703 5.262496737962861
1.238637984942816 -2.145176937987453
3.9327206170223032 -4.916314945874252
-1.3818370856444897 0.5875606929781534
-7.1958368547006835 6.203142068516426
3.853945636240727 -4.836960058300382
4.163800031887131 -5.14893523538647
-2.987670725022891 2.035063269496157
-4.828146183275123 3.84519803134757
2.1466417220410943 -3.102883752655395
6.187305807903959 -7.179966465043943
5.876136753656015 -6.868075431658841
-7.110009711363912 6.117502363965748
-5.210015943212522 4.224511629189441
6.531551615101703 -7.524903916361748
-5.054885160686437 4.070346069197534
3.534460846613568 -4.514780958578644
-4.2352562203297595 3.2578163990770435
-5.570245940865602 4.582817487907684
3.4368870598542074 -4.416257046325524
-1.3708141123179924 0.5791428361929827
3.7122036129144607 -4.694094990180743
-4.491061884612188 3.510964534713903
0.4251305762419335 1.0979105231233672
-3.16552177307401 2.2074693247854498
-4.717828899258787 3.7357435054145656
2.3501501636310866 -3.312038196854339
1.6217865340291056 -2.5561881704501626
1.2380750096778073 0.5576266226926802
-4.866490013836753 3.8832563096397688
-6.852991359478461 5.861090245492603
-7.11116202878897 6.118652117585922
-5.973479815105199 4.984315374031635
-0.7166047361833385 0.168931618809886
-7.591821897252987 6.598346719187346
2.683667568844559 -3.65272334652436
5.366139569851086 -6.356643209789293
4.30495005296854 -5.290922759408966
-4.678676755667604 3.696913081400967
5.98029085595825 -6.972482568611784
-0.468076342266496 0.072757539514344
2.511219904165653 -3.4768455190395864
6.199275043871353 -7.191961518059053
-5.917414254990819 4.928469067977549
-5.090649290559735 4.105879421326101
-3.518549432152442 2.552062331155798
3.3118182332958934 -4.289867426895963
1.0636311701082644 0.3966630362934778
-3.7964596506937553 2.824957933349441
0.2161601994940536 0.0155809101408136
5.094009073239345 -6.083585714020792
2.796232409111603 -3.767260617435399
-5.681127637954987 4.693182847141169
-4.168270979093958 3.1916130811471444
-7.729364364064992 6.735647033872596
-3.220450398248074 2.2608975499840187
-1.9522822290901036 1.0645083862003015
1.233114475840745 1.5867018171785254
2.990722907104306 -3.9647455810882017
5.449127091135381 -6.439889018905141
3.3519224244148837 -4.3304084892303685
6.180169713913845 -7.172814914037717
-1.2881797973190547 0.5173127433559696
-1.3626012234615885 0.5728961625679737
-0.118017891407181 0.0046424582955966
4.510339274327279 -5.497410514725927
0.1393699308265486 -0.6498274355734833
-3.742980393787119 2.772354708092443
-4.243448351083545 3.2659155481201187
5.3934058757170575 -6.38399555422128
-3.5888405764866196 2.6209707623895238
-3.9962537804798823 3.0217955126973006
6.41038411960311 -7.403504521674507
-2.339520211695726 1.4181148257919687
1.1916735245591799 1.5830397286755171
-1.2764784806280591 0.5087472448014357
-5.3774913110318625 4.391041832126467
-5.59845804544376 4.610895152154059
5.752934825638828 -6.744558069217652
-1.762227292595746 0.8981179400033622
-0.4037166532826273 0.054197600924506
1.1061529030834478 -1.998890777707346
5.015881718483513 -6.005167233438444
-6.64331562619579 5.651964836911404
-4.838070315384128 3.8550475724432873
-1.4875264200262635 0.670139502146573
-5.800836706911085 4.812369024824541
2.711503242894688 -3.681064871967599
-3.430748702304884 2.4661131319658365
6.587668619978029 -7.581124383572535
6.958773416088016 -7.952856559690285
0.3645789499420822 0.0443858875419063
-0.1506491803637538 0.0075641009152474
-4.391921541604287 3.4127966183526603
5.574928996465312 -6.566062921689667
-6.808429046081402 5.816640441261455
3.3057872286395344 -4.283769586626159
4.360290027081497 -5.346572012830569
0.2087605708429514 -0.7985454987530987
3.919576502099959 -4.903076136349812
4.750285066593001 -5.7384846892094785
2.843909026158661 -3.8157168813348488
-6.559284190548777 5.568169679688767
3.4793462577561503 -4.459137884117893
3.8876605090304186 -4.870926798236148
-6.467745203269528 5.476899175992538
-1.3354359634918112 0.5523908761492925
6.1195614178248405 -7.112073355724567
6.560356119083767 -7.553761829734237
4.408935659071815 -5.3954812008192015
-4.1356909937350075 3.159427834974224
-4.77650872069656 3.7939565983070858
5.100259500771365 -6.089858921298372
4.965288751596489 -5.954379227525627
-0.4865471284383833 0.0785769855401046
6.484304028360787 -7.477567313094773
1.3179535964767926 1.5837993401292543
5.899948083626148 -6.891945677904893
-7.358417787014195 6.365386590141797
-7.440560133046366 6.447367684043669
-7.204352295020406 6.211639293919556
-7.085079862792474 6.092628303819572
-1.6352454735627315 0.7906078663831599
1.3406762943556743 1.5802147327779705
-1.7857315966420462 0.9183654578351604
-1.291647719220384 0.5198606418646089