-6.599161273102732 -6.272460263917287
3.2906017968082555 -3.2541375336839837
4.586793260710136 -0.5745682487999868
-2.521671561602579 2.052449766806983
6.830320504499154 5.833219507679631
-1.494835351507671 -0.1134399849398958
-4.918973102642742 -1.0089692171929325
-4.586302573097928 0.5767394288022489
-1.5572787847182763 -0.0210499404291027
-5.041993550064927 -1.6319365527632377
5.172675109512165 2.2977254339958
-2.83442417629683 2.7017547904101455
1.6804635208691998 -0.1839225316784041
-6.955814002023585 -5.440744344365373
-0.569169607881264 -0.4794393310978917
-1.7462776753336922 0.3048688483405779
-3.163140803936045 3.1624064731794825
4.598369070921889 -0.5231703206857811
3.5246793213045606 -3.269194016523709
0.5936895631711199 0.4920987699408395
-0.6828290189502866 -0.5297324313746682
-5.7123302713198445 -4.806578971881841
-6.063213696435795 -5.9171123426064
3.468242673669163 -3.2848509169838525
1.8854598941420857 -0.5835433790692605
-1.093233261459556 -0.5024677805720614
-0.3587305718542435 -0.3358949517880335
4.175519849283859 -2.135561704866863
-1.2591624602851326 -0.3860771086846556
-5.107315009151041 -1.9649879300422621
7.027654812703629 5.168470876340944
4.01205073123565 -2.585671841767082
-4.153872238926388 2.201257011454655
-7.371772994513398 -3.4185646276627684
7.343144982739785 3.5901168838154023
-4.136004281222295 2.2541070210274343
4.1598110842672895 -2.1834149923297677
4.093741635411046 -2.37409886665753
4.492722975309306 -0.9789808071808469
-0.2496450957073524 -0.2419061390355382
-1.9934767050422568 0.8177369208012673
-5.98434895521048 -5.719120956370173
-2.083538637551282 1.0221189344226576
-6.96885878708475 -5.3938463786264075
-2.440633359584698 1.8651902012493198
-7.49025439250984 -2.6647335894922364
0.7283485444876661 0.5435480851382042
4.0536256782702775 -2.4813839971815113
7.698224951994964 1.1942076656368845
-3.84382994300263 2.9343758304192824
1.027405088648086 0.5312112983532079
6.998924475365309 5.281447364125902
4.375476219351487 -1.4464230450240703
-1.165234962066437 -0.45972556784235
7.226482088129812 4.242830103768968
0.9023006395514876 0.5592515053198198
-1.9051842894690303 0.6252645161806191
0.8385616433814072 0.5606062966545136
-0.690222005891032 -0.532233419663433
-2.58688348586859 2.1989897659590727
4.798429104712374 0.4123482346698058
4.748592511650765 0.1718782650400372
5.7606314492883826 4.99186014573138
2.2117959843209114 -1.322647283382582
1.059074014961487 0.5186070038563966
6.743518936135324 6.041547839378965
-7.1402450722608 -4.67445340267688
6.789563117890808 5.9375208053069874
-3.551372438334278 3.2573492727539337
7.507304001938664 2.5507940589751747
1.1416278933617807 0.4750482543634588
-6.355357469234123 -6.338812693022989
4.7259142573101744 0.0639173502479506
-4.540529688632409 0.776496619717429
5.416374044736687 3.5058050221409736
-1.1595909131232673 -0.4635053578211042
7.355201531745122 3.5183946420547727
3.813156566702565 -2.9851278626808666
-3.110338661099602 3.1088196766159553
5.560423543324124 4.170216455365804
3.4210522858155628 -3.2883313023364953
3.5279776059010732 -3.2678859681604364
-7.8844712956038325 0.2403576177032623
4.338627343639603 -1.5841193644414386
-2.3668330211364594 1.6913133209116982
-2.727131060489148 2.496233786097863
3.059071982325511 -3.0486622696839034
-3.85026357270657 2.9232261627319955
-7.230401023313187 -4.2221609471898995
-1.2924660398121475 -0.3551057905822451
1.3273417489554813 0.3199647067417245
7.614065808538502 1.8092608931954375
-2.7855302558485775 2.610812551674045
-3.284585449910386 3.2510627675624835
1.2222109781607209 0.4174688681453111
-4.572670270144775 0.6368109658158966
7.986363345761848 -1.054163123414808
-5.507921253160502 -3.9339570008275007
-1.5884146379712458 0.0279837356016939
-0.2007293803498289 -0.1966990177525371
2.420589449529924 -1.818210886997854
-1.0560224988080709 -0.5199200056340659
5.813171415027417 5.182802713034962
0.4092395727311633 0.3754460711448021
6.623323235341443 6.24386416729466
-3.707549418480621 3.129453286004643
-5.527346036373569 -4.022228397159783
3.644016251412644 -3.193681620706827
4.710762783514253 -0.0076606243194776
-1.3878830744565 -0.2524489843271109
0.8603744724196858 0.5610963364550458
-1.6044209854828786 0.0539379428226456
-6.8266995593731234 -5.842948841150972
0.9189527780963882 0.5574854557764467
1.2461706557396113 0.3974711532116064
3.119166042092047 -3.11838167815939
-4.0635880705184455 2.4553474871839227
-6.354260608504582 -6.338217459713073
-4.637905354787559 0.3451286812466711
5.952442946553074 5.62982962277356
-5.829793579537027 -5.240789953502729
-0.6005152502258344 -0.4954518483253179
-7.073018560818641 -4.97914870306502
7.013259430384217 5.225754721148265
-3.9830017363752788 2.654323736880856
3.232490002467557 -3.219145248110878
-1.1941046727033484 -0.4392467483757855
-5.023167615934511 -1.5360849817852815
-6.028439679585622 -5.833886429914552
-2.4578129065468914 1.9052731949229713
1.6507614132054211 -0.1318626433962158
4.456340711609824 -1.1286112491254758
3.6328922783381437 -3.2031955110565162
2.149304836807028 -1.1751877684991776
-5.524953905661384 -4.0114110260834455
5.780235224566955 5.064436328571659
6.096760245877881 5.991122397828316
3.5756782369963087 -3.2440519866753426
-4.690961847536631 0.1005061715142576
0.0803732284348246 0.0801137684179032
-3.50865580172351 3.2749278685431737
-7.549755487667145 -2.2615666078493954
-4.864380015674364 -0.7364988164675083
7.053459848493693 5.062405849772405
7.4349920864716434 3.024834426086436
7.216483477493419 4.295156115190214
-0.5612828383726338 -0.4751668895997027
0.9008982209236329 0.5593732161544612
-4.980673028996367 -1.3202631634616269
0.4339769884094054 0.3937476146943091
-0.2159397383061119 -0.2109246398285939
-4.489457392404216 0.9925723860673502
4.3560946104526685 -1.5194220707648036
-7.274268609514282 -3.98472700967324
-5.40634116282159 -3.4577893459287794
7.021772754970973 5.192041236663998
-0.0157817069455035 -0.015779741672383
-7.625380072059517 -1.7280307580808618
-3.161709436230117 3.1610697097017746
4.9839923357269225 1.3370873240529246
5.882497162049113 5.4165610305219145
3.8373030431457558 -2.9455083857583624
-7.811998684930774 -0.3278744060861097
-0.0760723785195196 -0.0758523689650697
3.500232698865032 -3.277530516182981
5.144374971836179 2.153822103680015
-7.532979837276876 -2.376785787011074
5.376358425699225 3.3131692906665733
5.3094618912189215 2.985108107702334
-5.439311809216965 -3.61482222637552
-1.7388853933996913 0.290913186592772
5.741281690878768 4.918719135753843
-1.3963828526323123 -0.2423150706332146
-0.2137289247758556 -0.2088659047156048
3.893763900252983 -2.843254199294801
-1.5307388573759013 -0.0613011279245493
-1.914932316141499 0.6460664749706881
0.1655227311093626 0.1632604261376419
-3.268596054751681 3.2422704642264333
-0.8783107259948952 -0.5607594360497746
7.842848386624032 0.0873145672325417
2.921724552716052 -2.851387613625483
1.5828608806884006 -0.0190960471438266
-3.204504748544368 3.1981652344551703
-6.194374091042686 -6.169961291005908
5.132506799781687 2.093385436452027
5.460447206167778 3.71428738609912
3.491233151977946 -3.279999317609922
3.4815305372165835 -3.2823012707434334
7.904145166413363 -0.3963335726668842
-1.8883494742869935 0.5896238712913053
4.500255704990741 -0.9475100870760031
1.8140289569699704 -0.4368931927733992
-2.144072432065281 1.1629176662775802
1.8755914605140607 -0.5628607919077803
-0.4451220058847589 -0.4017484898307642
2.199510164556788 -1.2935429615630922
-7.450616539492927 -2.9244831384408623
6.529741783354124 6.332273360204526
1.487571303883536 0.1236602868806827
0.2591586648527748 0.2505043014764489
-4.287355183339617 1.767897649251123
-7.067667325101594 -5.00217191931111
1.7503629886466285 -0.3126204652862798
1.1037662257766652 0.4969557586743424
2.902313362234306 -2.8196236593502024
3.095221178452597 -3.091893926474151
-5.07500303155032 -1.8002025839363653
-2.9896194198345842 2.955161893915491
-4.056783201638984 2.4731754575364744
-6.913120075320236 -5.586256855411625
5.730580543122372 4.877641820981465
4.360124366894752 -1.504348606823097
-5.55005394948736 -4.124148213851511
3.92053936736559 -2.7900671232496816
-7.3526678319861585 -3.5335310941648563
4.712490684881496 0.0004792814929844
2.3901740623093755 -1.7465507781626577
7.50062835197021 2.5955613534199435
-0.8192782480586072 -0.5593611878605136
-7.3045486490484155 -3.8144627015436896
2.6437933119431474 -2.322930626373882
5.037701749451555 1.6100755042318697
-5.925857794365113 -5.551550564614427
3.4590185332926815 -3.286212900959065
3.963257089622793 -2.6989912257045705
-3.5149217476778087 3.2728080663992194
4.345407006229223 -1.5591320396131185
5.81585629721623 5.19224971696198
-1.363598495554692 -0.2805174061932361
0.4092265954807051 0.3754362786412213
3.9147368236845175 -2.8018490077632054
-6.093810300304623 -5.984865640112999
-0.2792723344366088 -0.268452284844885
-5.3581195408938225 -3.2244202619786724
1.8717976933515441 -0.5549444038435013
3.711973564476425 -3.1243509344527527
2.6031494465592324 -2.2348247421162983
-5.092115206127662 -1.8874750496591892
-4.668170381406533 0.2063526923439598
3.760059784185808 -3.0635769585884014
0.2996371979527144 0.2862864555665688
1.277978703280576 0.3688899034250965
0.1120797176758099 0.1113764892576757
6.170614812919222 6.131558708789082
2.4418195847960753 -1.867963561264784
4.4940478668061505 -0.9734575982771814
-6.287009484382061 -6.286963512783369
1.2365885709272941 0.4056268505202644
-2.1474928013638284 1.17093693370133
-2.6338547663784873 2.3015849948665523
6.1027382853958585 6.003651568067709
-0.2774608887222278 -0.2668491299211231
-4.7032738240814 0.0428704823812383
-3.3759354354188336 3.2836615320787548
-0.7695270387137132 -0.552704972791258
-5.641854553337366 -4.520819902835694
6.103910577431712 6.006084904630076
-5.3578805292049285 -3.223253575645421
-4.862157431816433 -0.7254785231510672
-4.779275981038506 -0.3194331275294474
6.006610668535048 5.7783379375051425
0.8798956178214077 0.5606972854531219
0.1715652999380328 0.1690465049010846
0.4058908274306994 0.372912615690203
-1.5495822409650373 -0.0328705050378262
-1.6411027129095217 0.1152849708185866
6.3196314991958324 6.315434701806845
1.14043681150582 0.4757874580206455
6.321603064956127 6.316938535509236
-0.795815542870919 -0.5568340030053064
-6.255872123436021 -6.2535387968976845
-0.0382269420524253 -0.0381990149555107
2.096590400123164 -1.052278674110555
2.9066989963641774 -2.8268784171826526
1.2075339901312532 0.4290676958305016
4.845498572295243 0.6430793737809709
-1.654887233453925 0.1389970181487157
-4.976885134945448 -1.3010721305081505
-1.2575370936600851 -0.3875237472463671
-6.883054150655518 -5.68133941622912
2.9304880866112253 -2.8654314275539243
1.753460913345016 -0.31851700155785
-4.843452082151245 -0.6329820361786567
7.50786810578783 2.5470020711871997
3.6491308893661536 -3.189134729278614
-7.863974471257899 0.0785821094506903
2.8469858672591624 -2.7243274419873797
-5.8549298563619505 -5.326180612712756
-0.6604065999271196 -0.5215514055315241
-6.014155138613081 -5.797820731579525
2.530683507552464 -2.0729508326579156
4.027604252341835 -2.547485007747134
2.587151909090238 -2.1995836258432417
6.901069098045896 5.6251043826735465
-4.261311501800945 1.8576569342133677
2.138892952556702 -1.150785622685067
-4.661460072316748 0.2373004572791713
2.63390329194298 -2.301689538300922
-4.398095619677031 1.3596471761981044
-2.717359884528653 2.4764790013887046
-5.492750333573726 -3.864349049608473
0.2820564820415132 0.2709110444316867
1.415400201805669 0.219063560283295
-2.830018301823518 2.693758920971332
3.2673387304168546 -3.2415410463241856
-5.311206630639969 -2.9937478904635673
4.046872537375981 -2.4988039646668234
-1.6374437859911062 0.1090506943041519
-2.8659217069515677 2.757712492083244
4.384302273711434 -1.4127641557973987
-6.421689348407769 -6.360192932225157
-1.4355050001578888 -0.1936194519923518
5.669138669027511 4.633518138007117
3.375014831276685 -3.2834861688385804
7.023419634067412 5.185464705232256
1.8499510441216458 -0.509741405422686
5.703289203697937 4.770913107429525
5.345722688976537 3.163786896543353
-7.733310626886375 -0.9309232654868246
0.7500855354436844 0.5487855017873439
6.793452702707135 5.928061529344324
-3.6191629214483036 3.2142303559713956
5.186148592779169 2.366102648286458
-0.5875051388351 -0.4889958815849553
3.6978742744463133 -3.140325065424551
6.1601101984960245 6.113513980681526
-0.9307278199266005 -0.5558775525316654
-4.776348542447657 -0.3052849170945131
4.871831523033277 0.7734901910498757
5.9955076213692475 5.749124405165463
2.4783716373243827 -1.9529897567901875
-3.388215410992556 3.285696272185025
-1.460936681508798 -0.1601753348959396
-5.2293430625721715 -2.5845219165121267
-6.205144185045125 -6.186257816430996
-4.900673235298223 -0.9172773814978775
-5.220593754132519 -2.540391493776115
5.6359348920425205 4.496037745102407
-1.9418408584810436 0.7040902903298962
-1.0241863754415608 -0.5323660674080491
-4.649533717173016 0.2920552690418508
-5.153711539310223 -2.201334080734572
-1.4250698843702079 -0.2069361230863744
-4.713990310257488 -0.0075486502777819
-5.200451260117092 -2.438571118230664
0.3357372197235762 0.3169922311303113
5.420803565271104 3.52694086013733
-3.6249990777076473 3.2096349524628067
-0.5711436044759868 -0.480493575855325
-0.3032455118837625 -0.2894091302950055
7.9648119986013075 -0.880936951098607
7.867944603308093 -0.1098562994533542
2.0921056456209097 -1.041902009065147
7.235230961987698 4.196563513451452
-4.044768005516643 2.5041947453462656
0.4663705476325628 0.4165650373660797
3.0568140603062695 -3.0458353505894227
7.628957220123649 1.7022504493032224
7.6246246160391635 1.7334692823998277
6.612118984816679 6.257625697441058
6.93931346335375 5.49843578158822
-6.2906054358205825 -6.290432261566046
1.5544744026602615 0.025370886745049
-6.7401179397736755 -6.048649455900907
-2.06662974683406 0.9832298323587099
-2.8589761560774303 2.745557900394054
-6.3453319990607575 -6.333082435843823
-0.8975064685730754 -0.55965028596186
-7.76163279124723 -0.7157594232239628
1.7847317033347814 -0.3789113828362213
-2.5999092070151786 2.2277112641775063
-0.5340414771096 -0.4596799014290617
7.06513878442045 5.012986859790077
6.24207342012742 6.236799026606985
-6.327663364232775 -6.321405395517316
-2.449565798468866 1.8860536291271468
-0.5788887891745649 -0.4845710775543273
-6.829863038175647 -5.8344536759645615
5.1125229815779125 1.9915412109400745
-4.096383895078549 2.366805236581505
-5.409157678303085 -3.471288492571123
2.8467832052528994 -2.7239659345859475
5.901367619639592 5.476403553100347
6.426005149402037 6.360579229810981
5.338307474083491 3.12740414294343
3.364727952788604 -3.2813110935155927
-5.126039437731995 -2.060435004118607
3.857515463400409 -2.9104487782419524
0.2926392840773993 0.2801979677348772
3.0519077006806796 -3.039642082290344
-1.2612282166165567 -0.3842297769670982
-6.859836519227576 -5.750554116758358
7.803578824232034 0.3931557844452041
-7.9972718034972115 1.1420130683647862
-4.1548308623932595 2.1983863202843636
-7.835120855981945 -0.1477677137702536
-2.455376139315838 1.8995988491511409
-2.3849723042185236 1.7342568913548104
0.6612313389718754 0.5218680254407687
-2.6404245459967086 2.3157102648456958
-2.5663603545371476 2.1533455824356107
2.264409545341522 -1.4476816345133567
-7.457280898704486 -2.8813248370293563
4.712256940954832 -0.0006222037180182
3.3695973975120594 -3.2823899596987753
-6.106772017020328 -6.011991802257774
-3.4666691610680296 3.2851068500823963
2.5036296303716856 -2.0111921360146674
2.6345760008421806 -2.303138499084672
-2.634407552605577 2.302775731675745
-6.868239908463286 -5.7259275290275555
-1.9964691234031982 0.82440924659654
4.772099095409661 0.2847732985474545
6.608731653559701 6.261615503152905
5.693492686655205 4.731928122717994
4.864455718533225 0.736874284090318
-7.7199650165146725 -1.0315093867203822
0.6629294859794026 0.5225161993858456
-6.445769865100997 -6.360764466280868
3.837739529763919 -2.944769514270788
0.3410618763631827 0.3214167163835647
2.9139372857199923 -2.8387525801009605
5.916054703785301 5.52181546885017
-0.3662243550686899 -0.3419385636054028
1.3855701153049864 0.2551788967038051
-7.432647132790347 -3.039793677239788
-4.466896892922067 1.08560642498261
-3.3175013255618833 3.26630539697378
6.020149663646608 5.8130873487156665
-5.651909266015345 -4.562645491906887
-6.924387018075439 -5.5490481142861166
0.3970416783349968 0.3661554038290514
-5.2091664658590595 -2.4826628565447275
6.528292213760039 6.333170624426479
-1.5624486280298946 -0.0130426990032842
-7.982860122557449 1.0259732551802545
-6.470407957396587 -6.357337411580233
7.820619605183916 0.2608633389089609
-0.8445174330909389 -0.5608373989506419
-0.9516941364623399 -0.552272122123879
4.45085533430672 -1.150823611077337
-5.723643374662599 -4.850778265885039
1.262238123135452 0.3833230984550677
0.9396671563533427 0.5544569793116304
-0.4905598471064554 -0.4327077523985984
-0.5718708466688494 -0.480880438269321
-3.2854786055767082 3.251527334746416
-6.244216550030277 -6.239476028638655
-0.2514686714150365 -0.2435594842307719
6.993932092596758 5.300525477691085
0.5837314857623728 0.4870724909465874
-0.1239358069084755 -0.1229851924199011
6.972661671449213 5.379960873712304
-2.1694648310936326 1.2225868112391352
-3.991372541413279 2.634898579634518
1.5354667349311963 0.0542361286797841
0.639094080796399 0.5129601975115521
-7.3668170386642515 -3.4485708127473886
6.085734885203726 5.967488538288025
2.645686506339313 -2.326981553838838
-0.5423519704651998 -0.464522877674851
-4.1094847297149 2.330230181384804
-4.983130539134779 -1.332718609352086
-6.427553385644707 -6.360687651753331
3.9227978365008287 -2.7854431780471764
7.001243159697884 5.272530733979302
-5.521361834151824 -3.995139137426723
-0.9284559234217689 -0.5562110479334601
1.657668614968017 -0.1438244040087772
5.843868046365094 5.288947531514658
-2.4462796658706676 1.8783837463407564
-1.9121687098725975 0.6401569846144091
1.4743158450929812 0.1420221282958504
-0.9216210419016058 -0.5571472529579373
3.259956394072903 -3.2371470886633906
4.239595584472998 -1.93060591730042
-0.3799283846908388 -0.352836146268898
2.315807947925032 -1.5700722899266706
1.2319746822204305 0.4094787686791814
2.8079164893411495 -2.653045064459295
7.368394904349998 3.439031384525704
-3.2012156114067754 3.1955273007747
-5.888357431628705 -5.435323613374496
7.151347664007037 4.621415554913076
-4.997733392763394 -1.4068017471958723
-7.061003542085055 -5.030585390820306
-2.0124713866920914 0.8602397089255123
-0.7915551313262252 -0.5562572728061255
-3.1894570708319367 3.185804241336129
7.225353631139411 4.248765102378545
2.3974339844162547 -1.7636915877701869
2.441309393232874 -1.866770847865016
3.8180882083545367 -2.9772364083974323
-2.8691432065396985 2.7633138875245256
7.380487731522566 3.365491832292154
-1.0142760643071451 -0.5357758759673421
-7.558041438520499 -2.2042219334975157
-5.400325032627309 -3.4289040643723485
0.5637934046327455 0.4765373634247245
5.803288391726541 5.147763561393422
1.5499617849048555 0.0322904075239354
-2.1165776525900295 1.0986859653893168
5.0909599174345175 1.8815830005673018
-6.863474889874482 -5.739950931865971
-3.0948245719988563 3.0914406059956554
4.173930163895804 -2.1404477156490147
1.6865367822668755 -0.1947650142137912
0.5751928177348198 0.4826370607883342
5.201594754793051 2.4443592511613046
-7.9947279271678 1.121516960116906
1.070986490436809 0.5132795349061431
6.402990613051649 6.357093491636771
2.785377410081832 -2.6105208576550734
4.534071523899726 -0.8042262255139697
6.828720576966418 5.837529564179259
-6.427521845279106 -6.360685601997723
-0.9409834412674485 -0.5542331813165468
-0.1250897668210946 -0.1241123743726431
-4.235798375691623 1.9431825912192289
-3.7406083475611087 3.089334753790433
3.0096396448209024 -2.983476324403154
-2.6473642825135943 2.3305674250308686
2.9876003854933177 -2.9522469235308986
1.1188084457242038 0.4886447970166687
4.05257435525704 -2.48410811032247
-5.573554603585972 -4.228112702192457
-5.433789098156462 -3.5886734246937193
-7.8513192185458305 -0.0209034487271837
4.067187678544972 -2.4458410807777065
-4.379369314703645 1.43160828892114
1.0861948334813025 0.5060101343848084
4.129483364024685 -2.273082622640152
6.9838006343077055 5.3387359308248845
7.7448222847171255 0.8437417904151052
-1.4325432245701855 -0.1974232176262579
-7.039820463283602 -5.119005563428599
-6.319701973024808 -6.3154888845735355
3.9604660916927337 -2.7051744040520083
-6.2290242319691025 -6.219890286534444
5.16605837646693 2.264111333310081
6.924264103185003 5.549458661281895
-5.005913822839629 -1.4483515371193678
0.3594393651844694 0.3364690955784707
-2.757275816281579 2.5561457373126033
3.6883002378564917 -3.1506965529348827
-6.852756644004229 -5.77092715334646
6.528205749415436 6.33322369187199
2.3340378134882087 -1.6134441760321492
2.0893641070461495 -1.0355655747568726
0.628865004980252 0.5085604028184011
-0.8229972264080008 -0.5596601181549092
4.447426931085989 -1.164659440650836
-2.933566017364523 2.8703194410580446
2.226286600521018 -1.3570285017296884
4.571941179557269 -0.640010136197818
-0.1179340360590579 -0.117114847142326
2.560802219363353 -2.140905460975159
-2.395975872371654 1.7602506412948773
-0.1147392579575435 -0.1139848094531381
-7.342843989468292 -3.591897553332956
-2.417585358957833 1.8111518437252354
-3.0632251815264766 3.053823656096427
0.0749715762582106 0.0747609771638968
7.649294312593488 1.5548033529525713
0.2220372823879533 0.2165864511810113
1.1496142320464013 0.4700077372044109
-6.250607361580013 -6.247290699693744
-2.7511444284429025 2.544089328705613
0.7274673529277997 0.5433169627265956
0.9185215396548454 0.5575386796224737
-4.339086198233147 1.582433183387403
-4.194949850861754 2.0750576943141232
-4.040927832383062 2.513984869855394
-1.3526827433085824 -0.2927047014306033
6.288243651665434 6.28816320366677
-1.2734944276461313 -0.3730594187377457
-0.1439889289194234 -0.1424988583648249
-5.727857727473767 -4.867119823710181
1.9199179971632052 -0.6567513341765595
5.95518635449945 5.637708667158194
-0.7668216985118352 -0.5522033099053797
-2.2875612726044867 1.5028113044141318
7.701014340355483 1.1734146783079786
6.241472871813492 6.2360438046546856
-1.1425123538564037 -0.4744972393555867
4.937293067570119 1.1010798765857948
-1.052805090030656 -0.5212815886863823
3.013736793215733 -2.9891373713756546
2.5393828588517255 -2.0926694990383017
3.148062160879043 -3.1479962807863013
-0.671815658099522 -0.5258253297710603
5.581874413313654 4.2645354699383455
-0.3025982132007385 -0.2888497967960681
7.161545977161467 4.572029658493152
0.7358887921726627 0.54546612255293
-4.106932520840832 2.337409126570571
-6.959793055505251 -5.426559449124515
0.4485075426648315 0.4041480238072013
5.427660690194864 3.5595823217888167
0.6911276282566128 0.5325330146349083
0.7348699847612625 0.5452132206184678
2.540020462461147 -2.094111918391505
-1.5961344953482826 0.0404387974479772
-0.9675341049341846 -0.5489129543453657
1.2548463341465776 0.3899053269887903
3.263470166767977 -3.239262152635133
-3.1793739815041118 3.1771050865173027
5.231887725308249 2.5973449029220412
3.041604334734977 -3.0264125290060973
7.762102765461837 0.7121702405983881
-3.357000179554639 3.2794177853448723
-3.7055839642976487 3.1316936497214107
-6.380422834912723 -6.350282709023342
2.1175401865489487 -1.1009271919444217
-2.5195929895676947 2.0477109034402736
5.260142652434622 2.739329024101833
-4.750322689126824 -0.1801541441101998
-1.4970222561870017 -0.1103412712229293
-7.68498451688677 -1.2925670411096282
-4.812750808060235 -0.4822060119080478
-2.523967461564256 2.0576796352167057
5.009577910954588 1.466972360341395
7.0225438922977865 5.188964038076064
-6.151585503388997 -6.098394193610233
3.1080981445485385 -3.1063548476462994
2.7768591329320635 -2.5941941391434304
-5.710355280263119 -4.798813736978299
-3.532662911706236 3.2659526218026813
7.693078688206892 1.2325047073966189
7.644816217166213 1.5873970014999388
5.919495841387862 5.532306076452992
6.093247200858428 5.983665770411627
7.372310117677532 3.4153049091434973
1.1059185374077032 0.4957982805741749
-6.004558669540966 -5.772987270019313
-6.229174302047694 -6.220090672226278
7.617504005848081 1.7846268986217917
-4.856590067196333 -0.6979009985439861
2.2099903607406954 -1.3183670657015476
0.0558681901406892 0.0557810233920172
0.7005717638423352 0.5355687037665476
-3.237326712824494 3.2225029736517397
2.7288971079061337 -2.499787155040744
-6.469869400983066 -6.357455896786629
-1.9547472069579097 0.7322221250192774
6.334029429891604 6.325844065141646
6.711910939854453 6.104457883658637
-6.327118746072401 -6.321013593353361
6.443282758603138 6.36088446656306
1.280780187073466 0.3662617525925448
-4.660015292906904 0.2439506226711286
-5.95136830066599 -5.62673302614394
-0.8246849394769455 -0.5597865367188715
-4.066796471505851 2.446876780341374
-6.4499848874580845 -6.360466663040751
-2.482615403243946 1.9628026176862299
4.796905294881864 0.4049342797146632
-3.875604209413291 2.8776098832725703
-3.2707252033370136 3.243493053093049
-4.083410945690593 2.4023469143993808
-3.2243751474351168 3.2133332286114302
1.3228560964209333 0.3246390713459966
-4.26720662655457 1.837555047520476
-1.4408309157768926 -0.1867314639692048
-4.596922501959492 0.5296117776093686
6.5200990861256205 6.337972836655508
0.8504843585937749 0.5609957946754625
2.0098343301292996 -0.8543180679442707
-5.616192143651363 -4.4125597389353
-0.7515329404897706 -0.5491023558346575
0.0483917021792131 0.0483350524357174
6.455708914895165 6.35987184433525
-6.733187966940783 -6.062871804751177
4.147385552084236 -2.2205878284384317
-5.250775920358667 -2.6923447404172873
-3.689404351778526 3.149520078548416
2.069822979695827 -0.9905574999250721
-0.6162667990333315 -0.5028995303464424
6.209440633568153 6.192563955249321
6.623241685165539 6.243967463931812
-4.849883606785914 -0.6647338655776494
-4.07059126564881 2.4368041619861995
1.6611770594875335 -0.1499340778936257
-2.574490222118648 2.1714822505716884
-6.981353598468337 -5.347862925137199
7.017039130156993 5.2108453817363865
2.283272989948932 -1.4925983334918658
1.7859036144413238 -0.3812051350893337
-2.6124685927045768 2.2552123524100978
-7.812671336054482 -0.3226519923755522
-7.365176571407396 -3.4584749471457283
1.3551166766542462 0.2900103915471036
-3.6148262678870644 3.2175538605544145
-2.9230327438372896 2.8534958633068355
2.942485376253819 -2.884352293087342
7.462547190904033 2.847071847669149
3.3545075701125757 -3.278759828305902
-0.6647196531140853 -0.5231940221389804
-6.702548558499695 -6.121761975818913
2.082705384494121 -1.0201975621350632
-2.502075576337731 2.007625568392571
7.228910885480154 4.230030789405198
-5.885364725080885 -5.425761946095971
3.494688758771991 -3.2790894033009175
-3.739243702060133 3.091081907089741
-0.7502284899813105 -0.5488169745956516
4.509610752129573 -0.9081968644567384
0.275936192212539 0.2654976794198754
1.7653932005147404 -0.3413759070657579
6.599795814410575 6.271760780296983
-6.478606296296121 -6.355292562445268
-1.9063985738448128 0.6278492619614889
-1.1017195276597782 -0.4980466302975494
1.6105002978945109 -0.0639264585258229
-0.888298048168588 -0.5602794729001125
-0.275388683229 -0.2650119217590571
-0.8089310026817795 -0.55838266367134
-6.837270726602437 -5.814292070288517
6.311628660195243 6.309075701742879
-6.1779729164532124 -6.143810457585193
0.3925752917159873 0.3627108714311857
2.971308676389528 -2.9283336978114773
2.792028340707404 -2.6231721061192634
-2.4083130530721206 1.7893364586046874
-4.880521540315465 -0.8167139644680182
2.1218523136260075 -1.110974694741735
-2.982244164980905 2.9444617303527783
-3.3748517657863495 3.283454775928525
-0.7191618007561154 -0.541067249668752
-7.328232052308307 -3.6777574917640083
-7.209260014918321 -4.33259196610042
3.87763234123096 -2.8738418770612135
4.0682877550160725 -2.442925370878601
5.110107018547332 1.9792236762834317
6.5881144798707005 6.284193026356593
5.936652127193447 5.583752771096756
-6.5548868198458035 -6.314425087287505
5.449649689323641 3.6635951460972476
-2.6978875933587254 2.436643922162621
-3.8986076707406205 2.833855799977339
0.4909069648384623 0.4329336281927285
3.717258472906609 -3.1181480018691805
-4.507476771710994 0.9171868097863818
6.452765502361361 6.360205121556935
-1.9064889780413043 0.6280417722310748
-1.802110763848951 0.4131467766430308
4.154635465170177 -2.1989717467925844
-7.847296128301036 -0.0524627519725355
5.28786968988161 2.877860341012923
1.315425298010684 0.3322822473511441
7.843917905611857 0.0789377266342911
5.768723232634311 5.02200552597004
7.6171778464299145 1.7869656622311372
-3.816608091133096 2.9796156477829747
-5.905231706426058 -5.488450738962197
7.0305291980316085 5.156870617676201
-0.9823244520832617 -0.5452790619812035
-6.269935231047917 -6.269384850023488
-2.9616828805738216 2.9138808511779404
1.008268826762098 0.537735916060717
-4.502476922259703 0.9381986271788811
7.14070878367475 4.672253448004659
-1.7029280763500054 0.2243567008131707
1.5815465384768732 -0.0170016325976843
-7.885412401136268 0.2478037558474004
2.1842356485464816 -1.2574275484051325
-3.9009279889734216 2.829318698600128
2.204053368774055 -1.3043001732064758
2.080145128664226 -1.0142970987680038
-2.4608551370481937 1.9123520891696324
-2.904251524770544 2.8228353676491267
0.159810653502829 0.1577742553870758
-4.177901214308614 2.128224189533227
-4.5829719862790945 0.5914601893653564
-3.178955313359161 3.176736710974859
-1.1420896334181663 -0.4747608161906969
7.9824165007381644 -1.022404333219677
5.881424639473163 5.413109911995238
-1.2849902154888415 -0.3622785172942235
-0.1218549799297222 -0.120951408697977
-5.166261954704151 -2.265145857821807
7.160554943289982 4.576856738289118
7.492269457204024 2.6513353724191315
3.0984989853566383 -3.0956223747344076
6.502480522036009 6.346752693648209
-7.793332105352709 -0.4723722013369453
3.8070709984076316 -2.9947240062481013
2.552494029743295 -2.1222503123358005
-3.0175768087969033 2.994401474887708
0.5429679434646939 0.4648777396858743
0.2366844469092815 0.2300858620862951
5.137804491290863 2.120368279425149
-0.9896601747771197 -0.5432976371042005
-2.0786904419034578 1.010946705682844
-1.6184128492161083 0.0770340737004072
-5.775855650837295 -5.048357726104269
-2.7530216074549525 2.5477876653016835
2.2521568171332067 -1.4185216963222185
3.986011187001653 -2.6473734666330437
-1.11681866713465 -0.4897738528579609
7.114456708343534 4.794695668027691
-5.179857297996609 -2.3341870183420466
-5.161758299293751 -2.2422551727512063
7.163557700228269 4.562212600224512
-6.023442158379019 -5.821391680321445
4.0548685849349155 -2.4781576736015865
5.037655329896747 1.6098390858685188
1.1191917694307563 0.4884262479639225
-7.6013804378712955 -1.8997632286110855
-2.156774753813453 1.1927284547027264
-2.5944216975637993 2.2156356462722213
-2.866358771991946 2.7584737901967284
0.3411124115929525 0.3214585744052866
5.349492659637177 3.182251699089924
6.056857700214902 5.902389964393381
0.6622437717655654 0.5222550739012677
-2.7027277260279075 2.446602523403096
3.6867881193337837 -3.1522994827247626
6.646948295276175 6.212002554063437
-0.8404885858530307 -0.5606890313364638
0.8573971537750111 0.5610873881483937
7.048783441031697 5.081947290019174
-2.6483170877290174 2.332602102409481
7.544383846445076 2.298589458826853
6.26645210943933 6.2655748269068114
1.9167060115676335 -0.6498641934691728
-2.280508487959171 1.4860145829057227
0.273288313105235 0.2631461986999196
-2.0900731758561317 1.0372039210783277
7.1457087269141635 4.648448150195371
-6.766004103097602 -5.992580410799551
-6.659347307843813 -6.193734966470903
-3.811220238622962 2.9881981891465563
-2.315841533194929 1.5701522323681256
-7.70093510323629 -1.1740056759400463
-0.5365452909530593 -0.4611498123789251
-4.913985427179821 -0.9839454892807722
-0.3777149112422968 -0.3510897102697689
5.88171645968727 5.414049446733956
-1.9341378346067728 0.6873917495466269
5.388471783479433 3.371794738762199
-6.993412530856565 -5.302501500792471
-6.1121441930485965 -6.022956363560754
-1.8373305644032296 0.4839338368872733
-7.786264203957396 -0.5268629176121797
6.691704158268482 6.141045271050417
7.499677966426505 2.6019185295716767
2.994537448761724 -2.962216971187781
7.278679417601172 3.960244918325892
-0.4095857544461232 -0.3757072235769376
7.872382161990943 -0.1448478144566736
1.4077090070189833 0.2285631357991995
-1.3270778404151198 -0.3202409779918644
5.64944177467879 4.5524126580756095
-4.783189182840674 -0.3383679094210374
-7.096753903529802 -4.8748266786548315
-1.3539917658688996 -0.2912572952108496
-1.2898256331173723 -0.3576536972531665
-0.6453508445743772 -0.5155635557060861
0.5725879528080053 0.4812610991397624
1.3529110684413332 0.2924525158214101
-6.54874853445353 -6.319181063362239
-5.638863124632707 -4.508311025908188
5.883793173265065 5.42072416477802
-1.4304497627526125 -0.20010029534561
-6.660661827587198 -6.191735835308365
4.629080699360035 -0.3851948354153421
-3.5565176189375762 3.2547349041507414
5.292947008662393 2.903131793042753
-6.772973679887585 -5.976691664211339
-6.440718214773208 -6.360964935023333
-7.153721099547754 -4.609979011166628
3.12449190059246 -3.12403505515482
4.988682561780525 1.3608711206738808
-7.437016418586877 -3.011899068554074
7.391780655757048 3.296137079892298
-3.3939106570428716 3.286447010157001
-2.0523152058309577 0.9504802864686557
0.9477283434185946 0.553027339935855
-1.414577014828307 -0.2200865100869573
4.271517870721178 -1.8227738913332157
7.367081967614224 3.4469700172883972
-2.664605753493433 2.367188537399193
-4.148199696917626 2.218170632769323
-2.8893340770877867 2.7978900344313273
-7.2117363110705295 -4.319793259320854
4.239188539864946 -1.9319566461361195
-3.7079110008469875 3.1290393611957183
0.8347346487496701 0.560419443065437
-7.828997483596179 -0.1955805018148463
-7.683979195567286 -1.3000121170608412
-7.325313576202996 -3.6947686476295942
-6.81727685561769 -5.867844525609311
-5.51641926343545 -3.9726944705271876
6.759667242198782 6.006734943440788
-1.5525816548032445 -0.0282782018586471
5.365961540958539 3.262647325874479
-4.642455439322699 0.3243987742851416
6.857006210480723 5.758739772615613
-3.734424361402498 3.0971892758432564
-2.1284714143456824 1.1264189360128252
3.26195194302813 -3.2383535488577557
-2.347608558701296 1.6456961888848112
4.177989799364886 -2.1279508179852327
-4.698153676178784 0.0668773880174699
1.1324550550409391 0.4806571202011015
-2.8367633044753813 2.7059833645057867
-5.047728936731355 -1.6611581715131303
-3.341191932298207 3.274856275812232
4.178162381790344 -2.1274181456475567
-7.2684110541412625 -4.017069019164722
1.2456180950478757 0.3979471819483617
-0.9056167205719436 -0.5589470546426392
-4.011187539067272 2.587762025995426
-2.965913053277749 2.9202616826900436
-6.390026208130221 -6.353589883245879
0.6872604553444397 0.5312433568491356
-4.017142151042217 2.573280826220279
-2.037819614582231 0.9174882191895043
-1.3898090844053161 -0.2501667167714736
4.420899410804603 -1.2704748819654283
4.412378746304569 -1.3039902186913817
-7.215914101244254 -4.2981181284891905
-2.7732450017309933 2.587225675132393
-4.113824459061458 2.317963765706558
7.94469970952397 -0.719739704499623
0.4410153945193933 0.3988184683772971
6.734096562951764 6.061026060635792
2.250930514142718 -1.4156042551369865
-1.3661134740250969 -0.2776716389509493
-7.220401090637523 -4.274724042368758
-2.4152452573446244 1.8056500020388757
0.4571736784667007 0.4102236136071816
0.8545456301864771 0.561061586646906
-1.0081860356731482 -0.5377623666782259
-4.967682472323796 -1.2544858698714145
-3.350424783828302 3.2776324555583494
-0.9813920210322422 -0.545522395978359
-3.45283154919151 3.2869399236221977
-3.0039859943367517 2.9755897175644064
-7.024255007086332 -5.1821220096527885
7.169167725377571 4.534705688038736
-4.28407615011799 1.7793337522902455
7.847483076796099 0.0509969585350156
-4.420951566495042 1.270269017414107
-3.726324700999754 3.107233186759486
3.6945406057643595 -3.1439800277806444
-4.530781506926596 0.8183082722366871
4.553961556166129 -0.7184581154323676
4.419892153616114 -1.274448942235522
4.468652325154238 -1.0784221608838027
1.1897207883293586 0.4424798482275408
4.822281997318704 0.5288691363459687
2.9341520302719495 -2.8712474441004545
-2.124086961392864 1.1161859064762545
5.338953646708321 3.13057791964124
7.113976101899855 4.796897151513798
5.770709065029333 5.029363314730122
5.793831501865315 5.113848840461716
-6.519926333472654 -6.338069169869769
-6.175492400692274 -6.139716052003615
-2.9927212700655073 2.959619098830207
3.284668319260918 -3.2511059900847163
0.2023019226632385 0.1981763108120388
-7.0127273334704405 -5.227846099793007
-0.8261477703464291 -0.5598914363928824
-4.737741454587704 -0.1201006013073095
1.744960823891054 -0.3023761209946926
3.3902487879540963 -3.2859783788655292
6.751786336685095 6.023950454446607
-6.9991703193545085 -5.280503636906214
-3.1100968723383247 3.1085544163164287
-0.2283300401806567 -0.2224039053423809
-2.59572439205291 2.21850553653237
-6.04535428466297 -5.875185186441416
3.675099401266909 -3.164367130010005
-0.6768944489140445 -0.5276539215858675
0.1396156671205802 0.1382571444227904
-5.17260072780153 -2.2973476824261603
3.762022878622785 -3.0608886761029668
-2.1660684094581875 1.2145883304368033
3.347790106714017 -3.276872263656297
-5.04428143894398 -1.6435923098943288
6.455349905896261 6.35991560302198
4.865443419610232 0.7417736897012125
5.01775047537852 1.5085262992170083
-0.4765888614910558 -0.4234801588253934
-0.3260439374418294 -0.3088669228544429
-2.576282182846372 2.1754702004174806
-1.7293827653115947 0.273108521428579
4.54929945425198 -0.738658405950531
-2.129471799800582 1.1287553180163719
-2.4003951228264775 1.7706767838658772
-0.6602828355224784 -0.5215037893361999
-1.610620524127663 0.0641247165002036
7.481357061724207 2.723671411788491
0.2336938978091325 0.2273415434551207
-3.2212610498191943 3.2110436978265984
2.403018296763836 -1.7768616610477013