2.808510668995501 1.70060790492825
2.736940054025659 1.69549571814469
2.4928546150705024 1.6780610439336072
6.42170763289818 1.95869340234987
5.216022863939161 1.87257306170994
5.451989044376736 1.8894277888840527
6.011413521329809 1.9293866800949864
-5.045549462364498 1.1396036098311073
-0.1031694168588633 1.4926307559386527
-5.43123075644964 1.1120549459678828
-0.6095431865156034 1.4564612009631712
0.364961366036777 1.5260686690026268
3.8544966567007055 1.7753211897643362
1.200632344446543 1.585759453174753
-0.5323891862678636 1.4619722009808669
7.258664284931054 2.0184760203522183
-4.575040561428603 1.1732113884693856
-7.3950376215313085 0.971783027033478
-4.838315428009285 1.1544060408564798
-3.7245243428503354 1.2339625469392619
-0.7461545691311748 1.446703245062059
0.3049841427315929 1.5217845816236852
-0.2139605861740144 1.4847171009875704
-4.442786769169508 1.1826580879164637
-5.24944672304273 1.1250395197826621
-2.957758565043516 1.2887315310683203
4.202605169682416 1.800186083548744
-3.016646779090923 1.2845252300649341
-7.642793597452728 0.9540861716105195
5.400858791046698 1.8857756279319071
-0.2070018699830012 1.4852141521440714
2.9099259047879524 1.7078518503419966
2.181699765426494 1.6558356975304638
3.293461897962162 1.7352472784258688
5.083958501329127 1.8631398929520806
-1.582966150053922 1.3869309892818626
0.5706410926137142 1.5407600780438366
-2.6854510859461094 1.3081820652895637
-1.9755603318815282 1.358888547722748
-1.051098604917554 1.4249215282201748
-7.017540777293453 0.9987470873361819
-6.780076338111238 1.0157088329920545
-3.786889692374663 1.2295078791160954
-1.2983334560321431 1.4072618959977041
-1.1737133358693796 1.4161633331521872
-0.773116523402539 1.4447773911855328
-6.762044670866903 1.0169968092237927
-3.460681257692997 1.2528084815933573
-7.991269648302628 0.9291950251212409
6.569889870307582 1.969277847879113
4.011408469258939 1.7865291763756384
4.042200288778796 1.7887285920556284
2.449566672671212 1.6749690480479438
-7.397306398845716 0.9716209715110203
2.927045023377527 1.7090746445269662
-1.509862371434746 1.392152687754661
-1.9890259907892212 1.3579267149436272
-3.0272388289815115 1.2837686550727492
-5.202569240315285 1.128387911406051
4.62046489487143 1.8300332067765308
-2.420971154306889 1.3270734889780793
7.28300145625637 2.020214389732598
1.9639754286493556 1.6402839591892397
2.6897247697933704 1.6921231978423836
-5.2763808751602745 1.123115651774266
-2.2892371074397637 1.3364830637543026
6.9645702644252925 1.9974693046018066
-5.118662659635566 1.1343812385974594
-2.796772207601032 1.3002305565999264
4.850177149085633 1.8464412249346882
6.759069231705775 1.9827906594075553
-3.6718669463751343 1.2377237895446331
-4.049243534576002 1.210768318958857
-2.16512815607428 1.3453479888518372
6.513523060504042 1.9652516471788601
6.50428790404084 1.9645919931457743
-5.4541209432660605 1.1104199326238529
-0.0326067117650322 1.4976709491596405
-2.026860847358064 1.3552242251887097
-6.10892653719738 1.0636481044859014
-0.0865951417039135 1.4938146327354347
-1.9160373179692556 1.3631401915736245
4.50448103727509 1.8217486455196492
-0.8675942471056519 1.4380289823495962
1.750780408346733 1.6250557434533381
7.8900789195079675 2.063577065679141
0.0941104598392961 1.5067221757028069
4.113942637862852 1.7938530455616322
0.6898530657782658 1.5492752189841619
5.903395740380681 1.9216711243129057
2.651985334179244 1.689427523869946
2.906071944463873 1.7075765674617052
1.9394036496448273 1.6385288321174876
4.1927199300886375 1.7994799950063314
-0.8433595912671787 1.4397600291952015
-2.5926564870982514 1.3148102509215536
-4.370059144530549 1.187852918247818
5.180214866722292 1.8700153476230208
-0.7223040049475475 1.4484068567894608
-2.7046196490345427 1.3068128822118183
-7.821918776326017 0.9412915159767131
-6.248287499895998 1.0536937500074286
-5.784620108402347 1.0868128493998324
-5.79017474976294 1.086416089302647
0.6386928805454595 1.5456209200389615
0.3678005219514997 1.5262714658536785
-3.1193386739107716 1.2771900947206591
-7.73672625540657 0.9473766960423878
4.06994144132365 1.7907101029516892
0.2515591918365825 1.517968513702613
-7.927776585486253 0.9337302438938391
0.5186146718768594 1.5370439051340614
1.8658935196648816 1.6332781085474914
-4.0848783054344295 1.208222978183255
4.604848917769823 1.8289177798407017
4.679860079850098 1.8342757199892927
-7.590601330124578 0.9578141907053873
-3.2860953611285737 1.2652789027765305
-1.913433998732554 1.3633261429476746
6.9301723230292644 1.9950123087878047
-4.7459266683044525 1.1610052379782534
-0.1681332276899958 1.4879904837364288
2.4876632253336304 1.6776902303809735
4.436914022643126 1.8169224301887947
-7.475233924190512 0.9660547197006777
-2.988965454424834 1.2865024675410832
-5.605299486881293 1.0996214652227647
-1.7224752088054682 1.376966056513895
1.493666896623095 1.6066904926159353
3.416484231474918 1.744034587962494
-0.8265260035518303 1.4409624283177265
-3.9055408303432664 1.2210327978326239
-2.1449002396087664 1.3467928400279452
2.6926758908277115 1.6923339922019793
-4.631997271115049 1.1691430520632107
5.363371403654469 1.8830979574038906
-0.0926753952332469 1.493380328911911
-3.5961717289305373 1.2431305907906758
-7.008015210953253 0.9994274849319105
-6.732650684673727 1.0190963796661623
-3.831778546004651 1.2263015324282391
-6.613873617316608 1.0275804559059565
-7.914465248707584 0.934681053663744
-4.18167134792558 1.2013091894338872
6.435144767296963 1.9596531976640688
7.734931582768894 2.052495113054921
1.306685995788353 1.5933347139848824
6.44993997369715 1.960709998121225
-5.267618602717555 1.1237415283773176
-1.1325108463046778 1.4191063681210945
4.043327968666748 1.7888091406190534
0.3548430942930967 1.5253459353066499
-6.514667497506341 1.0346666073209756
7.466652033981363 2.033332288141526
1.361309391603271 1.5972363851145193
1.5165837899509373 1.6083274135679242
-5.124472635822256 1.1339662402984103
4.580891012506354 1.8272065008933112
-7.609169085493102 0.9564879224647784
-4.780016540355133 1.1585702471174906
-1.1588974995435493 1.4172216071754609
5.84379499373231 1.9174139281237363
-2.61911149998336 1.3129206071440458
7.328885685457459 2.023491834675533
-2.5512688991604158 1.3177665072028275
-3.3102659544356534 1.2635524318260247
1.3240236270805052 1.594573116220036
-6.3026908207462 1.0498077985181284
-4.145639095160373 1.203882921774259
-1.392357035584734 1.4005459260296618
6.919404957224193 1.9942432112302995
1.6837770123742573 1.6202697865981612
-4.0962163734551815 1.2074131161817727
5.3155374111428255 1.879681243653059
2.5818080235344425 1.6844148588238887
-1.8119448166685714 1.3705753702379593
-7.322050474550949 0.9769963946749323
-0.832581132181577 1.4405299191298873
-1.1291136592662738 1.4193490243381233
7.9059515037190895 2.064710821694221
7.197415999730142 2.014101142837867
3.880489950185945 1.7771778535847105
-7.043449955919176 0.9968964317200589
-7.197570068575429 0.9858878522446123
6.139515709605764 1.9385368364004116
-5.121571928440195 1.134173433682843
-0.4473401263335592 1.4680471338333172
-4.674529356222699 1.166105045984093
-6.994968584610284 1.0003593868135512
0.766622584245594 1.5547587560175424
-2.1400588839522623 1.347138651146267
-1.3634481775930247 1.402610844457641
-1.533835884373417 1.3904402939733274
-0.3084456259648469 1.4779681695739395
1.4456071247001638 1.6032576517642974
-0.5410397688539064 1.461354302224721
-4.874464725678479 1.151823948165823
-3.3346413201334393 1.261811334276183
2.3079835318701587 1.6648559665621543
0.5004212192696489 1.5357443728049749
-2.884381970926359 1.2939727163624029
-2.7194349029315585 1.305754649790603
-4.060555167566189 1.2099603451738437
1.1035719091629765 1.5788265649402127
-0.0935088557382837 1.493320796018694
0.5424707052436819 1.5387479075174058
-3.1950837317239174 1.2717797334482916
-6.751145025441497 1.0177753553256075
-1.2644090309175375 1.409685069220176
2.1994400946112727 1.6571028639008052
-1.7431618745177726 1.3754884375344447
1.7596817663122533 1.6256915547365896
-2.382440749623232 1.3298256607411978
-2.33620293151432 1.3331283620346914
0.1524816022083986 1.5108915430148857
-1.7224014647727337 1.3769713239448047
0.2728978940300628 1.519492706716433
-1.8932585596855471 1.3647672457367466
-7.90594986318253 0.9352892954869622
4.613980681949895 1.829570048710707
-1.8777711652570712 1.3658734881959236
3.4834645486532754 1.7488188963323767
6.072344163841896 1.9337388688458497
2.1185686516300706 1.6513263322592908
4.3762845188002455 1.8125917513428746
0.5891534803905927 1.542082391456471
-0.2287483126611978 1.4836608348099145
-4.870969597728616 1.1520736001622418
-1.2802986094498596 1.40855009932501
-6.780592938131816 1.0156719329905846
-2.377388315306252 1.3301865489066962
6.732150587879895 1.980867899134278
2.1962788103684847 1.6568770578834633
-0.1249347154905802 1.491076091750673
7.611237098209042 2.0436597927292173
-2.2083237281798365 1.3422625908442973
7.852381327435994 2.0608843805311423
1.162019310240595 1.5830013793028996
-3.012141352491261 1.2848470462506243
3.3543842483894615 1.7395988748849616
0.8587489997804649 1.5613392142700333
6.817858021459811 1.9869898586757007
6.731944632413949 1.9808531880295677
-7.577205541072884 0.9587710327805083
7.814060456076227 2.058147175434016
6.838226630809748 1.9884447593435535
7.90453134982287 2.0646093821302047
4.6487351065031195 1.8320525076073657
-1.7808122511137494 1.3727991249204465
2.5378215773874473 1.681272969813389
-0.0152408383020575 1.4989113686927102
7.365714998919158 2.026122499922797
-0.4826727443351242 1.465523375404634
-2.029691613550174 1.355022027603559
-0.8777816650506356 1.4373013096392404
5.151417682876049 1.8679584059197178
-3.1417016663001753 1.275592738121416
0.2382714897037967 1.5170193921216997
-4.640420982992762 1.1685413583576598
-4.142098014031472 1.204135856140609
3.9973496199307625 1.7855249728521974
3.4634360893074394 1.7473882920933885
3.214395316831176 1.729599665487941
1.9669926924656274 1.6404994780332591
4.77569748505884 1.8411212489327742
7.527945916424143 2.0377104226017244
7.127531503441499 2.009109393102964
-6.036371389064023 1.0688306150668554
-4.617242207319576 1.1701969851914589
-1.2695200814898424 1.4093199941792969
5.223225546354417 1.8730875390253154
6.4683566564626105 1.962025475461615
7.035104716533786 2.0025074797524134
-5.178727365979849 1.1300909024300108
0.981960795134265 1.5701400567953046
-2.626897544491019 1.3123644611077843
-7.135952048092028 0.990289139421998
-7.767110617350523 0.9452063844749626
7.478862421139549 2.034204458652825
-4.5876053857251975 1.1723139010196286
-3.2117796729522343 1.2705871662176975
4.836514344099495 1.8454653102928211
-3.4198949862853 1.2557217866939072
-1.4292917487872074 1.3979077322294853
-2.70315988963066 1.3069171507406672
-0.8701790796566033 1.4378443514530999
-0.5504972166482425 1.4606787702394113
-5.8919038046147545 1.0791497282418032
-3.9711638598102876 1.2163454385849795
5.50965942587457 1.8935471018481835
-1.1493092654411274 1.4179064810399196
-3.31035296216481 1.2635462169882279
6.3838760389814695 1.9559911456415335
7.1609660464688325 2.0114975747477737
7.778476800338295 2.0556054857384494
-6.6639241651737535 1.0240054167733033
2.9602784221599556 1.711448458725711
3.041873486184169 1.7172766775845836
4.969388974859639 1.8549563553471171
-0.334914588410653 1.476077529399239
3.5884916759950247 1.7563208339996446
-4.103747342853202 1.2068751897961998
-3.415813155257215 1.256013346053056
-1.5264383436866051 1.390968689736671
5.702861178389158 1.9073472270277971
-5.012194259094288 1.141986124350408
-4.336907769433228 1.1902208736119122
-2.4378170760516067 1.3258702088534566
3.2512517666898155 1.7322322690492726
-4.799056475056771 1.1572102517816591
0.534831693807936 1.538202263843424
5.33077501430267 1.8807696438787622
-4.561523413631901 1.1741768990262926
-7.749833121298796 0.9464404913358003
2.651147886277089 1.6893677061626493
-5.780170774094804 1.0871306589932281
2.307165956211856 1.664797568300847
-6.93310724710296 1.00477805377836
1.2374082475063126 1.588386303393308
4.319473519806882 1.8085338228433487
-4.013881452984965 1.2132941819296454
-0.9041561273958596 1.4354174194717244
-2.772481369725874 1.301965616448152
7.668408225071824 2.0477434446479874
4.493528471858948 1.8209663194184964
7.136960044595391 2.009782860328242
-6.103868726116751 1.0640093767059464
5.567478894439956 1.8976770638885683
-3.946850532249128 1.218082104839348
-2.5953227757657302 1.3146198017310193
-3.6998838367692706 1.2357225830879093
-5.767402077020886 1.0880427087842224
1.366372790594749 1.5975980564710535
4.2261542957827185 1.80186816398448
-0.4253527018636749 1.4696176641525946
-5.397295090704384 1.114478922092544
3.196500205637985 1.7283214432598561
-7.0590882650209945 0.9957794096413576
0.3110187944969915 1.5222156281783565
-5.62722132424234 1.0980556196969757
-7.171849821089644 0.9877250127793111
-0.8836210170343382 1.4368842130689758
-3.2251254693390496 1.2696338950472108
2.3255442382712186 1.6661103027336586
4.072780126650271 1.790912866189305
3.0395849566285182 1.7171132111877514
-1.202880988779679 1.41407992937288
-7.476261578877038 0.9659813157944973
5.832824777930799 1.9166303412807713
-2.3204086510669146 1.3342565249237919
-4.582116527716639 1.1727059623059544
0.7226832845141526 1.5516202346081538
-3.209294885641423 1.2707646510256125
3.3105641563018544 1.7364688683072753
7.108148227264367 2.0077248733760262
7.79648554614405 2.056891824724575
-3.6360234326641514 1.2402840405239892
-5.538556968394351 1.104388787971832
-2.9419760066598357 1.2898588566671545
-0.054183176500759 1.4961297731070886
2.4619193215423927 1.6758513801101709
-4.481541968691376 1.1798898593791876
-5.230720040799598 1.126377139942886
1.7972341820237112 1.6283738701445507
5.736775464045987 1.9097696760032847
2.9590038138266905 1.711357415273335
3.5549824747274883 1.753927319623392
3.7201274558904966 1.765723389706464
-2.8132147106261343 1.2990560920981333
2.9575463817626897 1.7112533129830492
3.0518598428277226 1.7179899887734087
2.519590591623132 1.6799707565445094
5.018607328483698 1.8584719520345498
0.7430648433845768 1.5530760602417555
6.850267453493627 1.9893048181066877
4.288835285427066 1.8063453775305047
4.639385153433086 1.831384653816649
-2.326534469421036 1.333818966469926
0.2202284330348139 1.5157306023596295
5.809243426545404 1.9149459590389575
-2.10448564786879 1.3496795965808006
-4.568855577620674 1.1736531730270947
-6.849134839606146 1.0107760828852754
-7.345660191732112 0.9753099863048492
-4.004141532893609 1.2139898905075994
-6.511139169255426 1.0349186307674696
-4.057090738042785 1.2102078044255153
1.1890490915168463 1.584932077965489
-3.0558030024992693 1.2817283569643378
7.0436110991930185 2.003115078513787
-4.404241560969785 1.1854113170735867
-4.506556264623777 1.1781031239554445
-4.123560195303181 1.2054599860497728
4.533413844702171 1.8238152746215837
3.9957900905585646 1.7854135778970404
5.281144178044622 1.8772245841460444
1.7637164734806046 1.6259797481057574
-3.973332918977224 1.216190505787341
4.92803954618779 1.8520028247276992
-6.495673020903563 1.0360233556497453
-6.462368229636189 1.0384022693117008
3.8432160506060455 1.774515432186146
4.9486401376009255 1.8534742955429233
1.8125006189613586 1.6294643299258114
-3.1729045654167223 1.2733639596130912
2.066483118622413 1.647605937044458
3.8628586289523454 1.775918473496596
2.1302810665378598 1.6521629333241328
3.034854443918677 1.7167753174227627
-3.9313197594323874 1.2191914457548294
1.978524380075008 1.6413231700053577
-3.5707597116386864 1.244945734882951
-6.511502964785755 1.034892645372446
1.1939271731635817 1.5852805123688272
-6.3636902408719624 1.0454506970805741
4.071643091024784 1.7908316493589131
-0.2996911364466932 1.4785934902538076
-5.052743804639155 1.1390897282400605
1.8115213730633712 1.6293943837902407
0.9702076585222397 1.569300547037303
-2.8863754654131633 1.2938303238990598
5.601999357173423 1.9001428112266732
3.9368726405260315 1.7812051886090021
7.067963246359918 2.004854517597137
-5.627242926366499 1.0980540766881073
7.637755838474762 2.045553988462483
4.134394897300657 1.7953139212357612
3.4137011592446918 1.7438357970889065
-3.3634300073733403 1.2597549994733328
-7.08425647330178 0.9939816804784443
-5.536751410869503 1.104517756366464
2.7686746722547504 1.697762476589625
7.40639994130272 2.0290285672359083
-4.597572826239324 1.1716019409829055
-4.655782925462859 1.1674440767526528
3.434817549380872 1.7453441106700622
4.867677544270082 1.8476912531621488
-5.271513837059274 1.123463297352909
-1.929309947426626 1.3621921466123839
3.954809772571153 1.782486412326511
2.5629181438114585 1.6830655817008184
0.9588779067302351 1.5684912790521597
2.608703370525289 1.6863359550375205
3.438516116277315 1.745608294019808
-5.56148320691122 1.1027511995063415
6.992640475501082 1.9994743196786486
-2.1568959130037673 1.3459360062140167
0.4189361456807301 1.5299240104057665
-1.480597983253114 1.3942430011962061
5.546743631847821 1.8961959737034157
-1.310643578076979 1.40638260156593
6.687626932300844 1.977687638021489
7.779872539388437 2.055705181384888
-1.9184465772697763 1.3629681016235875
3.0609479041210967 1.7186391360086497
1.7586809155863747 1.6256200653990267
-6.5349223097787945 1.0332198350158004
5.415641895957494 1.8868315639969637
2.220432320775222 1.6586023086268016
2.1003516896075034 1.6500251206862502
-5.634321357784167 1.097548474443988
-5.657739895425433 1.095875721755326
-5.754970516253115 1.0889306774104917
7.616381294518172 2.0440272353227265
2.9024294059374203 1.707316386138387
-7.0964028299505735 0.993114083574959
-6.3731251347942806 1.0447767760861228
1.2220032909647358 1.587285949354624
6.584358307022962 1.9703113076444971
-1.7887668743995082 1.3722309375428923
2.724614281347556 1.6946153058105398
7.476369311707398 2.0340263794076714
-2.553445101419113 1.317611064184349
-3.4631694693817217 1.25263075218702
-0.7631928747103451 1.4454862232349754
2.7871526152735058 1.6990823296623934
-3.017609778752785 1.284456444374801
-2.427930279423485 1.3265764086126082
-5.319317478394154 1.1200487515432747
-5.563338154404681 1.1026187032568084
7.9003396339591685 2.0643099738542263
-6.0272000530254495 1.0694857104981823
-6.165580390927506 1.0596014006480354
-7.199538377101931 0.9857472587784335
-3.3448959419431397 1.2610788612897756
6.008619905625066 1.9291871361160762
0.753063423853499 1.5537902445609642
1.130880211073178 1.5807771579337984
-5.863955372281325 1.0811460448370482
-7.546339381721591 0.9609757584484578
4.494728686205191 1.8210520490146564
-5.285798549387888 1.122442960758008
-4.772293764434378 1.159121873968973
-5.636277980045385 1.097408715711044
1.861501998283991 1.6329644284488565
6.006860259962389 1.9290614471401706
-7.060490863502471 0.9956792240355378
0.5818472654212634 1.5415605189586616
-1.6385109858435776 1.382963501011173
-0.0225507986368019 1.4983892286687999
-5.287928874784042 1.1222907946582827
0.3487549810413562 1.5249110700743826
5.4995892296191915 1.8928278021156566
-2.108698181164682 1.34937870134538
-1.0603223118764973 1.4242626920088217
1.8238687760276076 1.630276341144829
0.1645782357716143 1.511755588269401
7.06730870644526 2.00480776474609
-5.46068946396551 1.109950752573892
-3.4720006898717344 1.2519999507234476
6.205240506671899 1.9432314647622784
-3.3028181510865178 1.2640844177795345
7.5495982706584535 2.0392570193327466
-1.9327484593446993 1.3619465386182357
-5.70036877420076 1.092830801842803
-3.5779888078609012 1.2444293708670786
-0.1898437914584772 1.4864397291815374
-1.6519908043447913 1.382000656832515
-7.3496627884359995 0.9750240865402857
0.4646189084675854 1.533187064890542
-7.4202250059938315 0.9699839281432977
5.392142538852315 1.885153038489451
1.860051265924234 1.632860804708874
0.827795886759084 1.5591282776256488
5.941606173609465 1.9244004409721045
5.017117614037735 1.858365543859838
-2.8760699243324197 1.2945664339762557
-3.8686019577068897 1.2236712887352221
1.3501232878271026 1.5964373777019358
-0.8636558964727605 1.4383102931090885
6.361688804624338 1.9544063431874528
-7.239673562615206 0.9828804598131996
6.669952237069181 1.9764251597906557
-2.451430660655598 1.3248978099531716
-5.767203534825491 1.0880568903696077
-4.422753930733734 1.1840890049475905
2.5184253194344812 1.6798875228167487
-2.270713696965366 1.337806164502474
3.1435674749879983 1.7245405339277142
-4.361206267296746 1.188485266621661
-1.2416314703619538 1.4113120378312891
1.1282533539048956 1.580589525278921
2.1207122933029634 1.6514794495216403
3.364744764373926 1.7403389117409946
6.034259139876184 1.9310185099911559
1.9908726081726762 1.6422051862980482
-3.9231823610565293 1.2197726884959623
-6.254590539037757 1.0532435329258745
-7.518170542801965 0.9629878183712882
3.660087187410614 1.7614347991007582
-3.039469206679824 1.282895056665727
5.499101199909385 1.8927929428506705
-5.189258771180992 1.1293386592013577
-2.491080446804032 1.3220656823711405
0.079332947998429 1.505666639142745
1.7148433518894421 1.622488810849246
7.453245228979377 2.0323746592128127
0.8831014588569523 1.5630786756326394
-7.396226764297122 0.9716980882644913
7.72667975291397 2.0519056966367124
-1.6278070986922195 1.3837280643791272
7.076017055727048 2.005429789694789
-0.3188196133243988 1.4772271704768287
-6.334479311615704 1.0475371920274497
3.776594921693736 1.7697567801209813
3.905241486221053 1.778945820444361
6.0235268834723925 1.9302519202480282
2.347077035308663 1.6676483596649045
6.949584133971635 1.9963988667122596
5.026876647440808 1.8590626176743434
-4.3218549098401 1.1912960778685644
-7.6202474505991695 0.9556966106714879
1.3235202974959162 1.594537164106851
1.7213936230079199 1.6229566873577086
3.2076330293493793 1.7291166449535271
-5.89456998238145 1.0789592869727536
5.159966837957793 1.868569059854128
-6.212033076095182 1.056283351707487
-6.574120495696345 1.0304199645931182
-3.286963435845463 1.2652168974396099
-6.412348679722516 1.0419750943055346
-2.3917410247312 1.3291613553763428
-2.15609910486447 1.3459929210811092
5.0403745808229115 1.860026755773065
4.930184245058475 1.8521560175041767
4.996913691987379 1.856922406570527
6.652299832506664 1.975164273750476
0.4909267504037782 1.5350661964574128
6.82462669697979 1.9874733354985565
-7.246567403089655 0.9823880426364532
3.1453982481117464 1.7246713034365533
6.070959976798569 1.933639998342755
2.687281632776765 1.6919486880554833
1.4995551550925104 1.607111082506608
2.703427196575902 1.6931019426125644
-5.391541701494981 1.1148898784646442
2.1749721342162616 1.6553551524440187
-3.3017095729770833 1.2641636019302083
-2.4666643360623954 1.3238096902812575
-0.8823500286806993 1.4369749979513786
2.7762112540169053 1.6983008038583505
0.3095241870360503 1.522108870502575
-1.5365152631732837 1.3902489097733368
-0.9192865663099496 1.4343366738350036
5.8076408167702205 1.9148314869121585
-1.7843209371524793 1.3725485044891086
-1.6069335109560239 1.3852190349317126
-3.573719100299252 1.244734349978625
0.3415974175159846 1.524399815536856
3.3253742233470227 1.7375267302390731
0.153334637728733 1.510952474123481
5.006954371970412 1.8576395979978866
1.7054440093987075 1.6218174292427647
-4.71771385008328 1.1630204392797658
-3.109179885825812 1.2779157224410134
5.613535116856369 1.9009667940611692
-5.022676510989843 1.1412373920721541
6.735595662210898 1.981113975872207
-5.853028669610747 1.0819265235992324
4.478795519125047 1.819913965651789
7.639325658289531 2.045666118449252
0.1824594395147798 1.5130328171081986
6.770748508107479 1.9836248934362484
7.657953344554093 2.0469966674681492
-0.9203540590457475 1.4342604243538752
-4.156237611444656 1.2031258848968103
-1.251095472273624 1.410636037694741
3.5483827598468967 1.7534559114176353
0.9989674739618408 1.5713548195687028
4.689085037975303 1.8349346455696645
-4.5114740981793275 1.177751850130048
-3.8679194653422773 1.2237200381898372
-1.6310372095651537 1.3834973421739176
1.3739723875604586 1.598140884825747
3.5812651989464896 1.7558046570676065
-7.4283903306648575 0.9694006906667959
1.4949445284363314 1.6067817520311665
3.8344231262396526 1.7738873661599752
-4.7896473839923 1.1578823297148357
-1.679894442103672 1.3800075398497378
6.702744755810997 1.9787674825579282
-4.587274937731921 1.1723375044477198
-5.302060149042251 1.1212814179255535
-5.108190545670324 1.135129246737834
3.4861993595861147 1.7490142399704367
-5.393904870911465 1.114721080649181
-4.7641420775169045 1.159704137320221
0.6939933147635653 1.5495709510545403
7.541777853783291 2.038698418127378
4.019716329698461 1.7871225949784615
6.994384673227586 1.9995989052305418
-3.7699295009246967 1.2307193213625216
-7.538383111252887 0.9615440634819367
5.836158157128581 1.9168684397948987
0.9659595934474137 1.5689971138176724
-4.993938948750547 1.1432900750892467
7.693703613180775 2.049550258084341
6.252070887744376 1.946576491981741
4.919860924643777 1.8514186374745556
2.1136456500864664 1.6509746892918904
-1.3132286794234105 1.4061979514697565
5.9336843859477995 1.9238345989962715
2.585576574417937 1.6846840410298527
4.319980724022585 1.808570051715899
-0.7786018872583487 1.4443855794815466
1.4146934893850087 1.601049534956072
-4.793792261199192 1.1575862670572006
6.718212458960322 1.9798723184971658
-6.3198382690055155 1.0485829807853202
0.228000690552177 1.5162857636108698
-7.969770844664032 0.9307306539525692
-2.160703008615142 1.3456640708132042
7.362986696964718 2.025927621211766
-7.454241532593937 0.9675541762432902
1.8121402195405292 1.6294385871100379
-7.991462190285429 0.9291812721224694
-2.014187333989611 1.3561294761435991
-5.557174199688715 1.1030589857365203
0.886671972194895 1.5633337122996354
2.3324219379673305 1.6666015669976664
-6.167756822690624 1.0594459412363841
3.692315153741051 1.7637367966957893
4.739861882878152 1.8385615630627252
-3.4015948604413815 1.2570289385399014
1.0075195769362448 1.5719656840668745
1.0440182637108641 1.5745727331222046
-7.92442314440744 0.9339697753994686
4.601422576718035 1.8286730411941452
-6.415639318593572 1.0417400486718877
3.8635203718271285 1.7759657408447949
3.48962466658417 1.749258904756012
-5.689516288786914 1.0936059793723634
3.254326939669557 1.7324519242621113
-7.903781488460165 0.9354441793957025
7.037087319423955 2.0026490942445685
-2.4750079844854316 1.3232137153938976
7.129354230561427 2.0092395878972447
-1.0320494313962723 1.4262821834716948
0.3634029181222616 1.5259573512944473
-1.6563765715895862 1.381687387743601
4.416461210053654 1.8154615150038325
3.5720763452136826 1.755148310372406
7.578619307216389 2.0413299505154563
-3.5950870782988265 1.2432080658357982
5.107001790906061 1.8647858422075758
4.923755519129166 1.8516968227949404
-4.544593129211572 1.1753862050563164
-2.686531742511006 1.308104875534928
4.216753350639813 1.8011966679028437
-7.866698440459993 0.9380929685385719
-7.531202824665785 0.962056941095301
4.784413662392712 1.841743833028051
3.5255805374016305 1.7518271812429735
-7.978555450347789 0.930103182118015
6.139124980933508 1.9385089272095364
-3.993989226902425 1.2147150552212553
4.3243368888978075 1.8088812063498434
-5.4895392869701904 1.1078900509307008
1.1556762554605555 1.5825483039614683
-3.249629359254012 1.267883617196142
-6.2963700547887615 1.0502592818008027
-0.0868612989524546 1.493795621503396
-5.123677494315677 1.1340230361203087
-5.801549775417458 1.0856035874701817
-4.657556931273172 1.1673173620519162
-3.618287606407863 1.241550885256581
2.0081318614970822 1.6434379901069345
1.1100338807976513 1.5792881343426894
-1.1356017427658127 1.418885589802442
3.5701422729316032 1.7550101623522574
5.5573834458586795 1.8969559604184771
3.125281603855189 1.7232344002753706
-7.161516432751586 0.9884631119463153
-5.635196601841601 1.0974859570113142
-1.9611870478815998 1.3599152108656
7.929625680310874 2.0664018343079196
-6.724232797833547 1.0196976572976038
5.040237142031652 1.8600169387165466
-3.499690473066652 1.2500221090666677
-0.7511123903661083 1.4463491149738494
5.612709185207883 1.9009077989434202
6.2578717124030625 1.9469908366002189
2.5879923554316644 1.6848565968165474
-7.537127724527567 0.9616337339623167
2.065581613319795 1.6475415438085568
7.771106135118366 2.055079009651312
-5.382804450385176 1.1155139678296302
1.5176293779135204 1.6084020984223943
-1.9647461825463193 1.3596609869609773
1.9903115182499551 1.6421651084464253
-6.675287065790471 1.0231937810149665
-1.9088356566825606 1.3636545959512456
4.950312705102581 1.8535937646501843
-0.2697735964177799 1.48073045739873
3.306751371385559 1.7361965265275399
-7.9244422664631475 0.9339684095383466
-6.639760833126916 1.0257313690623633
3.1717070095802136 1.726550500684301
6.180163357327839 1.9414402398091313
-7.421240182063263 0.9699114155669097
-1.6410552163360599 1.38278177026171
-2.0230882932336858 1.3554936933404511
-2.665314129168147 1.3096204193451324
7.872519558410222 2.06232282560073
7.792041898339672 2.0565744213099766
-3.9693668172370913 1.2164737987687793
7.898104545566589 2.064150324683328
2.2983214248807826 1.6641658160629131
-5.030975786419608 1.1406445866843136
-1.7741446993918952 1.3732753786148646
0.1766012050366381 1.5126143717883314
-4.338671168370118 1.1900949165449917
-3.578945279470018 1.2443610514664272
2.656950651266504 1.6897821893761789
-0.5326807622584386 1.4619513741243972
-0.1085732378063007 1.4922447687281213
-1.331418106282916 1.4048987066940775
2.069469745171647 1.6478192675122605
0.2882685471572497 1.5205906105112321
-4.8788227208041715 1.151512662799702
-4.388937220217947 1.1865044842701467
-7.059118539065157 0.9957772472096317
6.0976209590236525 1.9355443542159751
-3.806583034551723 1.2281012118177341
3.9314134514782424 1.7808152465341602
-2.681124229268189 1.3084911264808436
3.156375756249057 1.7254554111606468
-1.8124664682623806 1.37053810940983
-7.276860156259362 0.9802242745529027
1.2671132320107592 1.5905080880007685
7.997802191822231 2.0712715851301593
-3.5927264937502787 1.243376679017837
3.5915240945511453 1.7565374353250818
2.878479696895793 1.7056056926354137
-0.9556460203321819 1.4317395699762727
-4.692086891892272 1.1648509362934092
-3.802032149574531 1.2284262750303907
-2.0605190093726033 1.3528200707590998
6.616887456761633 1.9726348183401168
1.5983874718075306 1.6141705337005379
0.0041230276790802 1.5002945019770773
6.549393370597814 1.9678138121855582
-6.236945399678778 1.0545039000229446
-3.7886643730702065 1.229381116209271
-1.4136282602799213 1.3990265528371484
0.540808365326205 1.5386291689518719
4.6692985972829355 1.8335213283773526
-5.504916073258821 1.1067917090529413
-4.191766051085443 1.2005881392081825
3.863421553298261 1.7759586823784472
6.57604590832922 1.9697175648806586
5.862857448914998 1.918775532065357
-2.6078976639958498 1.313721595428868
-6.071825355136573 1.0662981889188163
-3.0558111088645568 1.2817277779382459
-5.756812001630154 1.0887991427407033
7.62600255651779 2.044714468322699
0.2488862310841036 1.5177775879345787
3.92207581310182 1.7801482723644158
2.2136982107348953 1.6581213007667783
0.3658877588854654 1.5261348399203905
3.9117197602531615 1.7794085543037972
0.5052136479964506 1.5360866891426037
-6.915230918011009 1.0060549344277852
-3.0165687271921247 1.2845308052005626
-7.166417578185962 0.9881130301295741
0.6539870313665634 1.546713359383326
3.895908740112951 1.7782791957223536
-7.416608474821235 0.9702422517984832
7.3062642327385525 2.0218760166241823
6.513400115652303 1.965242865403736
3.872693530381202 1.7766209664558001
2.1051432188499994 1.650367372775
-5.811825029600586 1.0848696407428153
4.978224816587547 1.8555874868991105
5.75228565834167 1.910877547024405
7.347820204286618 2.024844300306187
6.676145243765312 1.976867517411808
-2.135528019658434 1.3474622843101118
-0.5760620443781548 1.458852711115846
-6.072260949098222 1.0662670750644128
-1.8715615513463124 1.366317032046692
3.5836761569641062 1.755976868354579
0.3582227360585861 1.525587338289899
2.9932384345262886 1.7138027453233062
-5.036210967139128 1.1402706452043478
-7.306623674463344 0.978098308966904
1.5692989276354652 1.6120927805453904
-3.318906316396342 1.262935263114547
7.659302827047524 2.047093059074823
5.304155774325084 1.8788682695946488
1.527672774849309 1.6091194839178078
3.677250869168315 1.7626607763691653
-1.7149191835769173 1.3775057726016489
-5.233454198191037 1.1261818429863544
7.734378575519521 2.0524556125371087
-6.858062789347596 1.0101383721894575
-6.657652215336569 1.024453413190245
-6.319640831790949 1.0485970834435037
-2.377420905276445 1.3301842210516825
4.524147974970081 1.8231534267835772
-5.274975322942643 1.1232160483612397
3.9136507851070377 1.7795464846505027
4.393732267652348 1.813838019118025
6.0567283348789775 1.9326234524913555
-6.808282940664382 1.0136940756668298
-7.609753672188429 0.9564461662722551
5.029028204257543 1.8592163003041102
1.4320224880296912 1.6022873205735493
1.8024987865587239 1.6287499133256231
-6.691987942795745 1.0220008612288753
5.0169342659743155 1.8583524475695938
6.426243678335439 1.9590174055953886
1.9194207609008362 1.6371014829214883
2.659914135026355 1.6899938667875969
3.74361477592846 1.7674010554234614
7.884145511454884 2.063153250818206
-7.715464237555382 0.948895411603187
-2.305606169870323 1.3353138450092625
4.694406892452445 1.8353147780323176
-2.496851332803244 1.3216534762283396
-2.182250361962703 1.3441249741455212
-0.3011771266323571 1.4784873480976888
7.729683974973208 2.0521202839266577
2.6799794363123883 1.691427102593742
-2.0162886420332473 1.3559793827119109
6.374220841700188 1.9553014886928706
-7.298997241346115 0.9786430541895632
-5.45846201418335 1.1101098561297607
3.574796485408127 1.7553426061005806
0.1562953266166467 1.511163951901189
2.7603369671177784 1.6971669262226985
5.846110512065573 1.917579322290398
7.125109632118855 2.008936402294204
-0.6302463593658754 1.4549824029024374
2.654444632066337 1.6896031880047384
-4.00366909582776 1.214023636012303
-7.202372638823315 0.9855448115126204
-3.642585105485436 1.2398153496081832
-5.368482704461316 1.1165369496813344
-4.805004379766936 1.1567854014452188
-5.660955884638371 1.0956460082401165
0.7870503307741146 1.5562178807695797
7.790310387979611 2.0564507419985434
-6.771019962115046 1.0163557169917823
0.2961192381838522 1.5211513741559894
5.185223199344167 1.8703730856674405
-0.4876541999277464 1.465167557148018
5.491090477970221 1.8922207484264444
2.520916951520517 1.6800654965371797
0.4638141979286292 1.5331295855663307
4.373872924271087 1.8124194945907919
4.691276445125835 1.8350911746518452
-0.8215421889527352 1.4413184150748046
-0.4437223282906704 1.4683055479792377
-3.583066054025938 1.2440667104267187
0.803490178504509 1.557392155607465
7.7173733778884674 2.051240955563462
5.134116515275794 1.8667226082339852
4.345363365750112 1.8103830975535793
-3.3325695416938323 1.2619593184504405
2.3443542299915343 1.667453873570824
-1.3251673143547595 1.405345191831803
0.2008140959625528 1.5143438639973252
-5.364792328073847 1.1168005479947252
2.103466261217502 1.6502475900869644
-2.5620365682135695 1.316997387984745
-7.996086424085666 0.9288509697081667
2.665280519492754 1.6903771799637681
5.712773426098245 1.9080552447213033
-3.121808180805848 1.2770137013710108
-0.1878598808123737 1.4865814370848305
6.472664485209098 1.9623331775149355
5.230688528334587 1.8736206091667562
-1.5142921010870758 1.3918362784937803
-6.7412335781524 1.0184833158462572
-4.033191126453753 1.2119149195390175
6.2705384068418315 1.9478956004887023
6.15496539940939 1.9396403856720994
-7.408576398722399 0.9708159715198287
-7.368772054866968 0.9736591389380738
2.22167409706314 1.6586910069330814
3.222204767854949 1.7301574834182107
2.6723454338389203 1.69088181670278
-3.483673466379406 1.2511661809728996
-2.948345234585039 1.2894039118153544
0.6668422369073905 1.5476315883505278
5.151208113294496 1.8679434366638925
0.5141332692019791 1.5367238049429985
-4.454259934464844 1.1818385761096541
3.8911241001860244 1.7779374357275732
2.14422037111944 1.6531585979371028
-0.8891874572977212 1.4364866101930198
3.8135405931829016 1.7723957566559214
-6.3431863171308684 1.0469152630620808
-2.8719149993562816 1.2948632143316943
-7.400920347217294 0.9713628323416218
3.9125291287394166 1.7794663663385297
7.0939907502472135 2.006713625017658
2.8999861673555785 1.707141869096827
0.4687146333808485 1.5334796166700606
6.74719914069461 1.9819427957639006
1.3026502579646042 1.5930464469974717
1.3242957329895368 1.5945925523563955
2.204036224714903 1.6574311589082074
-5.83513398069368 1.083204715664737
5.83123105211258 1.916516503722327
0.6159848441087199 1.543998917436337
-7.422421758969167 0.9698270172164881
6.234243625025478 1.9453031160732484
0.1823508727271026 1.5130250623376502
3.2273186661933266 1.730522761870952
2.8893340199817494 1.7063810014272678
6.8083798448112915 1.9863128460579493
-2.8332206517278067 1.2976270963051566
7.104211967019475 2.0074437119299624
-3.5907104568496866 1.2435206816535938
0.0423256681738717 1.5030232620124193
0.457609644264835 1.532686403161774
3.6421943236417675 1.7601567374029834
3.190235838333816 1.7278739884524155
1.922626480500579 1.6373304628928984
-5.686639361877903 1.0938114741515783
5.4921190645836475 1.892294218898832
5.421001485138152 1.8872143917955824
-3.5137393766529286 1.2490186159533623
1.296433630242051 1.5926024021601466
-4.765841361706549 1.1595827598781037
6.594703024167629 1.9710502160119736
-7.830700263339972 0.9406642669042877
-5.18688786046811 1.1295080099665635
-7.069519033081862 0.995034354779867
0.2769156463558424 1.5197796890254174
1.5172703620251884 1.6083764544303707
-0.2319752015109735 1.4834303427492161
6.835980104727813 1.9882842931948437
-1.05185242648791 1.4248676838222922
-5.988490451622962 1.0722506820269313
0.2432593596422024 1.5173756685458717
-2.588722720595653 1.3150912342431675