-1.8300767636635564 -6.129258253849808
-0.1594749285971409 -0.0040558067074877
-1.2523417867769568 -1.9641227032291704
0.2596731614818464 0.0175098004358697
0.1631607245631015 0.0043435705089394
-0.9562642581410317 -0.8744475613828226
-0.0716165721725441 -0.0003673166297072
1.8138516933474578 5.967677211859897
1.238744592699097 1.9008389181204801
-0.9753204356092571 -0.9277735176720676
1.585962540206188 3.989135384029999
-1.9949490444798474 -7.939541477807426
-0.7889590135813722 -0.4910925282572908
0.7953930821745456 0.5032055568597644
0.9033042200980126 0.737058769163449
-0.9897629352524402 -0.9696021254225197
1.1821631954623975 1.6520846753357292
1.6458003243255357 4.45791137937304
1.7582593718109893 5.43561668236411
0.4356967745357503 0.082709050393516
0.737140425804427 0.4005444214336714
-0.8477063746128213 -0.6091669697365877
-0.4404042554132008 -0.085419007327671
-1.313608919194849 -2.2667220311846563
-1.2962247847020922 -2.177915188411421
1.0943423396369623 1.3105681418840247
-1.172781232865029 -1.6130618612697998
1.2252240640379695 1.83927451780443
-0.4590029253619816 -0.096704427966347
-0.6119163177736708 -0.2291269128290641
1.4210800429811847 2.8698263665211488
1.844073119823625 6.270965509483035
-0.399919005561804 -0.0639611305412534
-0.6337224014082166 -0.2545055032899117
1.5741539055196445 3.90069122754679
0.1238293205478787 0.0018987617301692
-1.6524906378594717 -4.512498006388239
1.0656325869075194 1.2101033914396782
1.5961283835416196 4.06633787675358
1.1787715447172942 1.6379058369616473
0.9872990939463038 0.9623791720612223
1.231026450889095 1.8655296415210734
1.1509685872981672 1.5247211076708413
-1.709905366520819 -4.999380892671424
-1.3922934599101668 -2.698934527767163
-0.915430910901097 -0.7671436929206679
-0.0851567822092187 -0.0006175295263072
0.1540867117022837 0.0036584368385868
-1.9604302742879125 -7.534495913792455
0.0580740881499731 0.0001958606531116
-0.5706570656112455 -0.1858341804021813
-0.4953427185962274 -0.12153947333459
1.08331086913488 1.2713329459783855
-0.7342515824298359 -0.3958536680193989
0.3934562745027939 0.0609101159688276
1.7415528515879561 5.282140831384397
-0.0695074264625863 -0.0003358100015124
1.1105549511856156 1.3696832917811252
-0.4752137911576217 -0.107316650031576
-0.1464633865181497 -0.0031418627910188
1.5906983076059151 4.024977500727915
1.7573948494625058 5.42760267375774
1.3683142108599493 2.561872502445749
1.5399676331279268 3.6520337210185185
-1.3578768229647404 -2.503693297849073
1.7830385808604294 5.6686836509289575
-0.7203112145743495 -0.3737322101419153
-0.7769085503465667 -0.4689318200700265
-1.676920188601461 -4.7156023973143295
-1.6381245884954718 -4.395828977524217
-1.8685347231141645 -6.523843261501698
1.0258002146877327 1.0794147712377153
-0.1988337682465344 -0.0078608666612981
1.9359005123327377 7.255195245502269
1.9949709446506918 7.939802957002701
-1.508393447522157 -3.431973386918495
0.4558543902718482 0.0947280124882138
0.6733284832895348 0.305267773711648
0.3052191280780652 0.0284338221145678
-0.7083767396257641 -0.3554617515539304
-1.7410154042046835 -5.277252096415776
-1.050513294075917 -1.1593235502243797
-0.553854755324287 -0.1698977653138408
0.2295651950871127 0.0120981268262881
-1.5537930987417274 -3.7512807160855806
0.5450553905262381 0.1619279871296981
-0.363128830539142 -0.0478830926905431
-1.9363794501920868 -7.260581339546173
-0.3490593345920505 -0.0425302337242097
-0.5224360847989771 -0.1425934242801683
0.4558448420422381 0.09472206015417
-1.9766679304784525 -7.72326877691079
-0.9688656978762205 -0.9094749480619738
-0.7460429303624054 -0.4152326144254422
-0.8666829781689613 -0.6509997189065739
-1.558534298754354 -3.785725259148113
1.6194459967961534 4.247167713434453
1.5271342785769648 3.5614895693571866
-0.8169009965758316 -0.5451402859331581
-0.8757372235481138 -0.6716166124214735
-1.1989009217918993 -1.7232563295158154
-1.492578842936155 -3.3251546121841655
-0.8802474532261662 -0.6820470450055632
-1.8743363275979021 -6.58479968243525
-0.0168123996898282 -4.7521388164e-06
-0.7810252862565088 -0.4764258133890372
1.8866361602217374 6.715285204141316
1.3259924088294501 2.331433934110266
-0.8367853073658407 -0.5859251477173832
-0.2036814450093081 -0.0084499551182926
-0.4619188122461337 -0.0985591500184077
1.2865354460641916 2.1294393179292386
-0.5671796644722433 -0.1824575983674783
-1.3455225814962293 -2.4359758160402416
-0.1559721852616507 -0.0037943856636338
1.4470681047198393 3.0301694379609976
-0.3076531248168886 -0.0291195052340419
-1.2969028271570173 -2.1813347146470257
-0.0370057894689824 -5.06767810698e-05
-1.6099669192069648 -4.1730237591147405
-1.23952866970285 -1.9044506739069658
-1.43400194888329 -2.9488265268098797
0.9310461057620607 0.8070743849665819
-1.1347769941692887 -1.461273699266205
0.074053373811128 0.0004061014575468
-1.2757154293499942 -2.0761628926622047
-1.3032462491331822 -2.2134996160350355
-1.3705014009047956 -2.574177271466471
0.2123204102051139 0.009571394875147
1.57576803773666 3.912702803476843
-1.269638333346637 -2.046633501875612
0.5579725007778267 0.1737154264624318
1.5979028911668078 4.079915304692482
1.7428775660940228 5.294203604764335
0.8973868303881001 0.7226684173682838
0.9002440827762848 0.7295932820171981
-1.7841144435900134 -5.67895107783369
1.374416997532664 2.5963040597364135
-0.9128705735168512 -0.760724885167013
1.1257547451502847 1.426695720958237
1.4621069579673356 3.125629028173694
0.2464484134254148 0.0149684930437766
1.8466618246927413 6.297412093783871
0.4946360574747333 0.121020046594464
-1.1192903688213804 -1.4022592076080018
-1.251240885060998 -1.9589474248681422
1.5667443777956813 3.845868537626802
1.0591249938834482 1.1880689634339299
-0.3815422182173922 -0.0555428040180575
-1.6843916181044851 -4.778913996512664
-0.6454324524820834 -0.2688762200867651
-1.0583671957945402 -1.1855206172687425
-0.0375621394694403 -5.29969605244e-05
-0.9345164634021006 -0.8161328713704841
-1.163661328217069 -1.5757227493565655
0.0643650970159984 0.0002666559535981
-0.2989838762064165 -0.0267265747833844
0.6061052242901446 0.2226609625725826
1.3272524325556985 2.3380865841177654
-1.4662915297174117 -3.152542698332994
-0.8501363845664995 -0.614420660982337
1.0482595420688652 1.1518779720810888
0.9951313833611666 0.9854651449645236
-0.7426549547252588 -0.4096012266386559
-0.1416166753215085 -0.0028401624627305
-0.649207861678835 -0.2736221877729537
-0.7755892592444527 -0.4665469540072175
1.7074702778474662 4.978052331577473
1.7914399904101899 5.749191757889481
-1.5606771277360978 -3.8013617202753913
-1.6628814358578627 -4.598157625182961
-1.3923628278469549 -2.699337953165028
0.5144485766066644 0.1361525908085249
1.4802082761792592 3.2431608170407955
-1.4249479681459016 -2.8933236650224403
1.2967818529214306 2.1807243512184225
0.3214797255910447 0.0332246769458699
0.3819171866763753 0.0557067225044436
-1.935424595397067 -7.24984576371096
-1.5435758577270717 -3.6777646331043963
0.2897823658108756 0.0243341320910128
0.9568276121169266 0.8759939345030809
1.645387971888074 4.454561452770662
-1.7590680621703467 -5.443120273050067
1.1525413848204127 1.5309802429858477
1.0541966916762702 1.171561110128556
0.8808008579281217 0.6833342468780929
-0.4814018512925387 -0.1115637922376496
-1.4346115345034511 -2.952588711002914
-0.2019720290219036 -0.008238984490727
0.7467386319736824 0.4163953389391352
-1.2985997487078036 -2.1899083699474433
-1.6648685338209646 -4.614661349843563
0.1673020972585246 0.0046827843215388
-0.2621341060900506 -0.0180123588735206
1.9061021456538145 6.925298710886423
1.8938073458459836 6.7921519071333085
1.5488590806025422 3.715657874849074
0.3841487645026858 0.056688938153587
-1.2236019891943655 -1.8319791349177954
-1.3136926561862103 -2.267155540534613
0.0035192631077359 4.35868226e-08
0.9812462720829975 0.9447873274519032
-0.2612718827959672 -0.0178352016834894
-0.9924018401610231 -0.977378277924671
0.4111118688452557 0.0694832374235776
0.4688429460968635 0.1030581065003241
-1.2922202721768392 -2.157792353318554
-0.544073989314759 -0.1610548812402139
1.862885155834542 6.464846928004919
1.8167985743846975 5.9968107207916
0.3420814240750309 0.0400302658593324
-0.6270819105804577 -0.2465884998945784
1.438305542819212 2.9754555194244476
0.5105760495152709 0.1331009993324755
-1.9400010764608164 -7.30139615411053
1.8330600007800122 6.1592813446793935
1.0155918663722034 1.047508708488413
0.0070838121463797 3.554684882e-07
-1.9851161840043239 -7.822720078741774
1.2937662883442123 2.1655463903962806
0.6944287575569503 0.3348752820433126
-1.2660087990168192 -2.0291314043250552
1.0822078910932653 1.2674536575737225
-0.3992254309678871 -0.0636289263485002
-1.3280860253831124 -2.3424947204514495
-0.9164077699130861 -0.7696021783716637
0.1927697135157613 0.007163353869483
-1.4757678198964848 -3.2140609486867513
1.4664078891699828 3.1532932801498554
-1.499205512437913 -3.3696400489016116
0.6566128622456007 0.2830923654732195
-0.5875606383981462 -0.2028420925222929
-0.7128939033902513 -0.3623053123942351
-0.9041435709500707 -0.7391153053369776
0.3845451104156981 0.0568645858778094
1.7821795637385116 5.660494567261115
1.9798205107715074 7.760281182645387
-0.2041178465763398 -0.0085043854103426
1.9914682232340728 7.89805480505918
0.1400083225995354 0.0027444893979448
-1.696099313457669 -4.879258586640715
-1.6601721471814472 -4.575719253905257
-1.99865727229587 -7.983898082635737
0.8669459470305623 0.6515924775316139
0.8967231014023818 0.721066093994171
-0.5128746442819616 -0.1349067519650811
-1.0743710233501722 -1.2401175671757918
-0.7273982237565062 -0.3848723473422501
-1.400289826819543 -2.7457045345215163
0.0902745314027817 0.0007356914830009
-0.9856683561042971 -0.9576183127005815
1.0426022305420646 1.1333288626880027
1.0784214430733452 1.2541963832367202
0.8738858630576005 0.6673660987429036
0.38219669427902 0.0558291195927057
-1.0511339020802506 -1.1613794326501972
1.2844090094571987 2.118897896151636
1.651300129411426 4.502752176331086
1.6281133315073575 4.3157263307730895
1.626783139975132 4.3051569431524825
0.2001938868060389 0.0080232889792694
-1.7827622693675504 -5.666048688774115
-0.6383258144346313 -0.2600921376475347
0.7369069608953045 0.4001639642658436
-1.900680717462353 -6.866374811677414
1.8129819794714357 5.959097100009989
-0.8540704618174293 -0.6229900435128617
0.4493948177667524 0.0907578460031296
-0.6320378027693487 -0.2524812687095647
-1.9520672894872986 -7.438482614723377
1.3756163231384102 2.6031066499334035
-1.5343513527110253 -3.6122222353746145
-1.132809139109746 -1.4536847427353614
1.2504057003975064 1.9550273379031338
1.5951653902019451 4.058982276318536
1.1812006826521064 1.6480525967067916
0.255400644442604 0.0166596535736674
-0.966742602141518 -0.9035091854665367
1.0178976235721535 1.0546595785600617
-0.766166957961449 -0.4497490508181979
0.9952607190973044 0.985849433194375
0.2238663966330701 0.0112193249451037
1.5231317135159634 3.533559286227262
1.036938664283761 1.1149597891200607
1.989264002595859 7.871858363543208
-0.3960726190293942 -0.0621333057424692
0.7067263209648806 0.3529830072667797
0.5779186479252028 0.1930190281956815
0.8204172016069542 0.5522100073348298
-1.5876782959608842 -4.002096199318438
-1.0903729604937236 -1.2963587979951203
0.3091356052821617 0.0295424892327426
-0.0112284171338115 -1.4156490919e-06
-0.159970932272858 -0.0040937680040987
0.9634274366905031 0.8942460495132365
-0.6682041430846657 -0.2983509961554388
0.0781919566955227 0.0004780642229651
-0.1622697138941587 -0.0042727984882896
-1.2588104948076078 -1.9947159713940548
0.6444482062462278 0.2676480340044834
-0.2528394493336865 -0.0161634664974374
1.3123282392307236 2.260098789995024
1.3954004102117645 2.7170431708853373
0.4308469038430052 0.0799777034166474
-1.1723475394313057 -1.6112729965239443
-1.7709259830250628 -5.553940590482265
0.6990870465037364 0.3416597079161416
-1.927707480335294 -7.163469198646869
1.9705651237082416 7.651954453424426
-1.398342170617457 -2.7342635019469705
-1.4068270714974025 -2.784339256009024
-1.9770350470159501 -7.727572787119664
0.9160418586686485 0.7686806661162211
-1.2929740848286602 -2.161570780845236
-0.8443298044865624 -0.6019166542702632
0.3632583899823758 0.0479343630935166
0.3447775246230962 0.0409842358214092
-0.5735070625765948 -0.1886324091528173
0.5533118153727523 0.1693986061749189
-0.6884686168278038 -0.3263265762521024
-1.6919657358775972 -4.843671613391781
-0.0895527262741513 -0.0007181851735052
1.2733870396172766 2.0648156159147373
-1.688271103957402 -4.812010449513735
-1.0424817832417208 -1.132936122402598
-0.6164320493926745 -0.2342370722437097
0.9389105835075511 0.8276995203246552
0.2918336150224445 0.0248545523003645
1.2043034502650154 1.7466576557064668
-0.2847176529495323 -0.0230803922204463
1.170692107588216 1.6044569598993819
1.9674446766589107 7.615660710644563
-0.7338314815942453 -0.3951745956219757
1.2910077014088004 2.1517236786048772
-1.593164814503091 -4.043729710897238
-0.8134124385349253 -0.5381860392155556
1.8389938984548793 6.219290814374663
-1.362503051795374 -2.529370511779087
-0.9095751328180559 -0.7525159951812965
-0.3264773771407046 -0.0347984001831835
0.5905011199871928 0.2059027642130649
-1.6866641111034495 -4.79828248578988
-1.3675713762799129 -2.5577023757509094
-0.6034756934912409 -0.2197755357599061
-0.8464127421528422 -0.606382386922047
1.3802531886500056 2.629518782804041
-1.1591362357340032 -1.5574117521552802
-1.5416437911298 -3.663971733039572
-1.8543048235918 -6.375927705862841
-0.8396308159089125 -0.5919228545338381
-1.6243008430022385 -4.28547937331657
1.9950318811944823 7.940530544936458
-1.6885579530591537 -4.814463649259865
-0.9113939375856446 -0.757039266411764
-0.6368667208074381 -0.2583126452493214
-1.8033030497829707 -5.864164594671696
-0.0931118489859344 -0.0008072626373819
-0.2430176043962664 -0.0143520257919187
0.1576994438490966 0.003921845539912
-0.403395268940701 -0.0656436016531072
-1.4911390161967382 -3.315540990242644
1.3543893281029487 2.484451764083391
0.2848001432836567 0.0231004590576768
-0.5447825392487182 -0.1616849284685747
-0.439563051665143 -0.0849304723431697
-0.4204989011918059 -0.0743523322519044
0.3501188863140987 0.0429187055627651
-0.5269726149784457 -0.1463403673416799
0.4197944631886621 0.0739792831399368
-1.243188927122039 -1.9213717450905845
-1.0984952637053333 -1.3255452758066335
-1.031324218280191 -1.0969470103244776
-0.5702498723061411 -0.1854366573182464
0.5714507435428233 0.1866106417476814
0.0893410390463574 0.0007131042046615
-0.3768320155211979 -0.0535110385127427
-0.6532152729098772 -0.2787205507134718
-0.5245267217082321 -0.1443121356944215
-0.0962865004734561 -0.0008926808283729
-1.8271819807541183 -6.100218781030116
1.9642112939993397 7.578174677554112
-0.8727336733862905 -0.6647298770390869
0.0151124894476276 3.451501225e-06
-0.9250741969649643 -0.7916435946117524
-0.8768121586425814 -0.6740928031203943
-1.7174460730580905 -5.065815027268042
-0.2512301594470805 -0.0158567917271173
0.3176993076294279 0.0320662965837377
0.7911599338981565 0.4952139345067036
-1.1076425673632095 -1.3589357150803876
-0.8987262628526982 -0.7259091971626025
1.0409072540562367 1.127810426811405
0.3398891211786985 0.0392655597634048
-0.4958473789034326 -0.1219113289616459
-0.2444483543570573 -0.014607010912967
-1.572658331708321 -3.889583868555617
-0.0226560267379852 -1.16292376498e-05
-1.033107712042601 -1.1026477879629701
1.7976714655422663 5.809395911638038
-1.6686310261367234 -4.646018593000631
-1.4971597012427407 -3.355864263311603
1.5834743938231153 3.9703896906558724
0.7991573804506262 0.5103838738854279
-1.5472847185925307 -3.7043388725385817
-0.2328632238460098 -0.012627073752263
1.5245090753863968 3.543154107825067
1.985676412160645 7.829344998237976
1.627503758172646 4.3108806603938135
-1.0625925903506035 -1.1997764954286032
0.3805390073665009 0.0551058293507583
0.8803075461811365 0.6821867410205907
-1.49193436148244 -3.320849160661322
0.6343305534005159 0.2552389156271687
-1.3717464116708067 -2.5811990608310915
0.4581027541550733 0.0961365888761034
1.878876382518364 6.632765178291755
1.4583194824290358 3.1014017912213436
-1.487097532895254 -3.288655330580327
-0.467954552503167 -0.1024733726221939
0.0990503327125309 0.0009717796852885
-1.8394356255769702 -6.223773519902468
-1.7345184228171928 -5.218392614988781
1.5396912406403582 3.6500676793140068
-0.1206144732689785 -0.0017546814050945
-0.7603448674072562 -0.439573857452755
0.1797352514801469 0.0058063042748741
0.7779218402319668 0.4707690396867076
-0.7331449055015717 -0.3940664515728767
-0.5127380619995887 -0.1347990006902605
-1.5423423441742834 -3.6689546711648275
1.6340179122182872 4.362851580076868
-1.7166846645140872 -5.0590804139339065
0.7015091511032945 0.3452232383868009
1.8239493193162613 6.067898397799488
1.0383182614093207 1.1194159139880202
-0.8438068064873696 -0.6007988224144428
-1.8026035803791403 -5.857343423540223
-0.6455222653958681 -0.2689884793192149
0.7461621886942047 0.4154317766852746
-1.5850069000295322 -3.981928628506462
1.730870453306855 5.185536472171492
0.3871787780349885 0.0580409663356817
0.1162338479105212 0.001570355015566
-1.2722859034221345 -2.0594637214338127
-1.3459411850354615 -2.4382500819311645
-1.2839950543201466 -2.1168498429199256
-1.9202402954982403 -7.08054580858151
-1.1793569360532308 -1.640347256916217
0.1512339743674174 0.0034589803604972
-1.943897448313984 -7.345477775027729
0.8888592268538469 0.7022616539284365
1.7719066556261862 5.563172394797614
1.3466745730602758 2.4422379782134853
-0.4631996574692914 -0.0993813034939155
-0.0440476593219725 -8.54611052765e-05
1.2713875200790015 2.055104131135139
-1.3372361487839903 -2.391246373428537
1.0765368613110553 1.2476326019529165
1.379765160063934 2.6267305407844703
-1.8434443096224462 -6.264552690077672
0.23811292742029 0.0135004710891828
-0.8476224557620982 -0.6089860738521021
0.5420578184796185 0.1592710483994132
1.8545945828664587 6.378917138137918
1.0358435935851107 1.111431120888649
-0.3408717946926849 -0.0396071142885157
1.1728571316692062 1.6133750587860973
1.190947615452056 1.689187961346815
-0.3720120017516479 -0.0514838307119528
-0.3028335839573231 -0.0277723166981229
-1.3229354781559421 -2.3153464801585857
-1.2138753742330732 -1.7886373816937045
1.5202076720881403 3.5132476134485695
-0.3244642225155303 -0.0341586302368848
-1.628893602845582 -4.321934224767627
1.5618810964881393 3.8101660761892218
1.1116175665874377 1.3736187286266879
1.5870197511998994 3.997118239136659
-0.2670873087483954 -0.0190528415666355
0.0079696112601151 5.061874973e-07
0.5031718765716136 0.1273940305418074
1.0987642666256123 1.3265193251859717
-0.9489961657852932 -0.8546599897490569
-1.016084776302265 -1.0490346504466628
-1.6803137829550105 -4.744289359304664
1.7205509005377446 5.093338918635421
-0.0762175869027919 -0.0004427571505988
1.965184300613891 7.5894422036536655
-1.4811001394468413 -3.2490266114267925
0.0496298578545642 0.000122244433979
-1.3986449334624518 -2.7360399183333852
1.37541505959484 2.6019642518431647
-0.2592115615143982 -0.0174165890604904
1.1699735340722572 1.6015043148330834
1.5600269465914987 3.796612735073469
1.3541898128480638 2.483353971150384
0.921220158518425 0.7817903373781364
1.3006828215444814 2.2004637239054037
1.467743432257799 3.1619167929590395
0.0847656718255254 0.0006090599259232
-0.7413423731374276 -0.4074332533727973
1.3508384166234064 2.4649618903946924
-1.9661258145578997 -7.600355668043281
1.7132624137055834 5.028884506823024
-0.2769930913638659 -0.0212523427614369
1.0363838407068684 1.1131710380556128
-1.838433738837058 -6.213609336298568
0.6343646916643468 0.2552801270224257
-0.0780148154705969 -0.0004748224633352
0.3069954271836965 0.0289331500691672
1.6215961364321472 4.264107087010319
-0.4408571525306137 -0.0856828046373475
-1.2909745345566646 -2.151557845199889
1.7376260795732712 5.2464915594704475
0.8002961655824206 0.5125688484579507
-1.1390491483662295 -1.4778399108769693
-0.0161966431578793 -4.2488856387e-06
1.7144350599211484 5.039217669233706
1.056274512334153 1.1785022105105052
1.3762541608864005 2.606729309043304
0.4768392551391729 0.1084216476190098
1.119923251841882 1.4046392011222584
1.9691860842248015 7.635900737396945
1.6567484719959467 4.547468884642644
0.9689148133569057 0.9096132692880358
1.843413424159952 6.264237822363207
-1.2945721134601862 -2.169595356940937
-0.1038121341911431 -0.0011187791351951
0.8580277142808899 0.6316899207446938
-0.2333753174570905 -0.0127105623445247
1.2783526013126645 2.089065122963247
-0.8082900757975211 -0.5280824561258057
-1.8578213275607012 -6.412270470249565
-1.5853266984057663 -3.984339352252087
-1.9904119937386509 -7.885494622624104
0.4334947268119262 0.0814613225630597
1.5994611747364855 4.09186321541656
-0.533920724455851 -0.152205496376248
0.1556610562902838 0.0037717241238706
1.3572124150765816 2.5000199312848435
-0.9639628027852774 -0.8957376463328558
-0.3490454960133702 -0.0425251755470396
-1.4286218137636655 -2.915760386692661
1.8830174739846441 6.676718260670288
-0.4150106709895827 -0.071478888575312
-0.1837649858570884 -0.0062056645584219
1.2529862752915313 1.9671566339606166
1.5931317110332324 4.043477649022717
0.4479243255893799 0.0898698352254118
-1.3442960452272774 -2.4293202088565997
0.3813073760278378 0.0554403060544375
1.4122420015499482 2.816614243509054
0.780140563200248 0.474808602189621
1.067746393301269 1.2173188283918988
1.6638688546491118 4.606353646343188
-1.4288134823154865 -2.9169341078562923
0.8195176355274736 0.5503955466554769
1.7280243850697703 5.159998795367104
-1.0183665883918342 -1.0561179555130502
1.1673079723750623 1.5905830676582045
-0.5963012711991142 -0.2120299473647701
0.3740223575797907 0.052323006427348
0.3949273729490699 0.0615958863432587
-0.9108222072774095 -0.7556154556428241
-0.3697492632050645 -0.0505500921670802
0.3879350405299919 0.0583817391361361
1.105413870633737 1.3507492320652763
0.2705610839022512 0.0198059642263278
0.4968867871199882 0.1226795983080923
0.9750976324770919 0.9271378385029313
1.2426935351245922 1.9190757474537292
1.4139359449495776 2.82676174717009
0.9926485822491355 0.9781074794810591
-1.5958724896028609 -4.064382424274269
1.070711048860269 1.2274868628253113
-0.6672117726165139 -0.2970236986723921
1.1349236711052666 1.4618404084661725
0.6782625015497854 0.3120278954622903
1.1714731261726143 1.6076703075034362
-0.4994619638810787 -0.1245969069793547
1.0774240763960377 1.2507198096717964
-0.465767843754497 -0.1010435289698804
1.298278628279209 2.1882841964453017
-0.9050507823611724 -0.7413424080717815
0.8711753563000575 0.6611754887911988
1.6456314656255469 4.456539378385414
-0.932631538850313 -0.8112043928191559
-0.6068009079294336 -0.2234285493493495
-0.3994214638669074 -0.0637227041073459
0.4753306931920438 0.1073958688256604
0.0420241534250092 7.42158934461e-05
-1.5954486758975626 -4.061145166459855
-0.2510797973426167 -0.0158283377324695
0.7669762376561535 0.4511757269227466
1.5338791995396561 3.6088885841698954
0.0278485876724277 2.15978004925e-05
-0.5031134877001064 -0.1273496866651126
0.0638429317558313 0.0002602186782639
-0.947475334805945 -0.8505576186079209
0.9262599375906833 0.7946916344567463
1.5684566040110783 3.858491265559493
-1.2126376180624399 -1.7831714821810674
-1.150571757905313 -1.5231445775057437
0.9669359709117908 0.904051456204844
1.1398517855031258 1.480966216445308
0.3456904697879599 0.0413106682634428
-1.5425751867984254 -3.6706165940431688
-0.5650992561543333 -0.1804571968373532
-0.5059612942104694 -0.129524488047531
0.3163819235317407 0.0316690464048397
-0.3422047625256028 -0.0400735805585309
-0.2008238221350616 -0.0080992664250675
-1.6128919854888086 -4.1958103670357
-0.3885700546356681 -0.0586689053565651
1.4464488062824001 3.026280658591384
1.2348560323400068 1.8829942025667528
1.0943176710975702 1.3104795158520401
-0.8641024920727443 -0.6452021009960704
0.3548918347463976 0.0446979928806828
-1.5694789603195551 -3.866041346415423
-1.3152715289623953 -2.2753397698868842
-0.5644046044006346 -0.1797925301788963
-0.3107750406395677 -0.0300150033217784
-0.9405770525313453 -0.832114590072982
-1.3510910632666828 -2.466345210906571
1.6573323139594311 4.552278194468187
-1.9547350939343997 -7.4690218537429685
-0.5140977545863405 -0.1358742378483016
1.8649838715852174 6.486721331688877
-1.4439306765975832 -3.010502758652042
1.9298419014293584 7.187290440620664
1.2832731810724383 2.113281515338214
0.6269449687118978 0.2464269855105529
0.0220572675164399 1.07313690732e-05
0.7761260712120817 0.46751636417774
1.0777846871707166 1.2519760671352964
-0.4186627186753737 -0.0733825616164089
-0.4538018221365756 -0.093454174598546
-1.7234833468194326 -5.119426051875863
-0.2353540988460838 -0.0130366287678489
-0.435344420594713 -0.0825085488082984
0.7781828679683569 0.4712430912227715
-0.1765462996163083 -0.0055027002718307
1.1413138327383865 1.4866722768034106
-1.0358426906859282 -1.1114282145346916
-0.7755286148607339 -0.4664375227331827
1.265412613259418 2.026266093327022
1.596628058844312 4.0701580295237445
-1.3056845680766083 -2.2259469696667717
1.013275266496378 1.0403568371268488
-0.5807458734558506 -0.1958657039159433
0.0223477450921941 1.11609490844e-05
1.9776499863359347 7.734785810347568
-0.1011953933568792 -0.0010362921984653
1.9959047641800898 7.95095772721858
-0.8306625227663718 -0.5731573290437416
-0.8276939106820582 -0.5670342348820926
1.4164643930046 2.8419536141681894
0.7189435029457245 0.371607345563759
0.1851750461321249 0.0063496148728169
0.0294758894980602 2.56094799395e-05
0.7354882155234286 0.397857139381247
1.4449025402609466 3.01658567105973
-1.0845140324547407 -1.275573614170129
1.0673505590859214 1.2159654794088397
-0.9325613584588188 -0.811021277551497
-0.6898869949776447 -0.3283476213593065
-0.9677476024971523 -0.9063299094286624
-0.9723376512323956 -0.9192874029327003
1.5454893846803825 3.6914592555875654
1.1169897919218017 1.3936304038285519
0.2290955839034847 0.0120240328239474
-1.0322531875670782 -1.0999139189883609
1.4157696255976253 2.837773780705998
0.1268148973259184 0.00203943948477
-0.510754463505255 -0.1332405792018291
1.9437485588336445 7.343790061607689
-1.5297074735657556 -3.579523067359371
-0.583610846402002 -0.198778799756306
1.4505255270752997 3.051940963549967
0.4288868877258349 0.0788911535767794
-1.4177777793557285 -2.84986636891192
-0.9103654717167453 -0.7544793060796681
-0.1886820106284719 -0.0067172496063
0.7958718030365421 0.5041146923017922
-0.0427174622857454 -7.79500385e-05
-1.9291806487979368 -7.179904882609956
-1.5945031990292686 -4.053929433600303
-1.1172211295627705 -1.3944964796380919
0.465897371857857 0.1011278517728982
-1.2782621818476967 -2.0886218678153803
-0.6197350982115339 -0.238022645760653
-1.8972568840208588 -6.829334924010884
1.9652570288453597 7.5902848530735145
1.8929779642598517 6.783232067904566
-1.1698549790625452 -1.6010175163321683
1.056735997468373 1.1800475442984812
-0.3532517468306819 -0.0440811538941064
1.6648804687224281 4.614760593577585
0.2671919651034318 0.019075247525181
0.4658063299749875 0.1010685786051748
0.0366636678997789 4.9284202259e-05
-1.0438235726533214 -1.1373163979334582
0.6179686136256501 0.2359930721974412
-0.462565288464853 -0.098973543371668
-0.594018041681335 -0.2096036818440774
0.4668777161858384 0.1017675776835484
1.3933158282109885 2.7048844194846873
-0.6960403482702073 -0.3372121754422763
1.0284730326784626 1.0878743222796525
1.322146160898701 2.31120466192107
1.575000088856077 3.9069850362558545
0.6881451144521935 0.3258667826329666
1.3757665937197907 2.6039598233269055
1.3181688515981351 2.2904094932274397
-1.531429153998947 -3.591622897695917
-0.9005450447040304 -0.7303252608917817
-0.5760036618994713 -0.1911066208142486
-0.2561627327445359 -0.0168092309018818
-1.027696203132951 -1.0854110935971018
1.819036652474654 6.019000089167069
-1.5357036454118194 -3.621781496092945
0.4245590415181288 0.0765269284534821
1.3875324540458833 2.6713417385870604
0.1666107496664351 0.004624971442791
0.6620392758436275 0.2901691682720922
-0.0057042800218281 -1.856104871e-07
0.116781573061246 0.0015926595968099
-1.9324337135721317 -7.216287327417832
-0.4665710799105645 -0.1015671924063287
-0.2380921610138329 -0.0134969391706533
0.1880280573697219 0.0066476474230383
1.9320335042751902 7.211804751091291
0.7173500036724199 0.3691418756597579
0.9555249234947043 0.8724208946309077
1.951178461826459 7.428326429239762
-0.1802838709258356 -0.0058596357915257
-1.464855844192456 -3.1432915439349074
0.7298976496110368 0.3888533953736609
1.5618253001438238 3.8097577498238975
-0.566545111073983 -0.1818458895256772
1.791756323979281 5.752237883102682
-0.5250855303444322 -0.1447738594259958
-0.9254651006648644 -0.7926475806539278
-0.6817838449000493 -0.3169130468110859
-0.9143968404711424 -0.7645469327058168
0.7810056190277668 0.4763898232373638
-1.1704757470660248 -1.603567545020523
-0.0024907258351838 -1.54517537e-08
-1.8847017622085676 -6.6946505100324725
0.3343508243984963 0.0373772370668887
0.6556613733395058 0.281863471900113
-1.0561926524666503 -1.178228234690536
0.0952781128182658 0.0008649269698865
0.5373569787980843 0.1551631831985176
-0.0860536055439827 -0.0006372461413409
-1.0347571321979712 -1.1079375599496981
-0.9870823457934432 -0.9617454792363535
1.2673087043450764 2.0353882043267433
0.3420126755368726 0.040006135909333
1.0318248136442127 1.0985451299915083
1.4404869234592437 2.9890140778187564
-1.1139593810815192 -1.38231832576781
0.8395634625620141 0.5917804176917183
1.5242102368390902 3.5410708991998967
-1.8101652684620624 -5.9313654563434
-1.2859206692837426 -2.1263880898156224
-1.2486949791672726 -1.947014099171688
-1.6428900605486199 -4.434304438747666
1.5287329946266874 3.572686567669918
1.5200379503818717 3.5120710482543394
-1.5309010777901522 -3.587908726538558
0.8052365801667851 0.5221201897689576
-1.167300808455185 -1.5905537829964185
-1.972107272210485 -7.669933591445919
0.9177300665716333 0.7729383945124803
-0.0298197369018509 -2.6516208308e-05
1.4883807757433325 3.2971761962736483
1.1680441611211778 1.5935943758177362
0.5735316401410069 0.1886566616381241
-0.6266992765597617 -0.2461373837642509
1.8811097617509591 6.656445973225772
-1.4954957543011598 -3.3446875471815787
-0.7377924608233264 -0.4016082624515769
-0.0643669490098562 -0.0002666789719459
0.0239420480661767 1.37241006704e-05
-1.6923253553779012 -4.846760769955915
0.3227447572210655 0.0336184424409819
-1.0729090138746593 -1.2350617787535507
1.194828538365623 1.7057554258894105
-1.2916643925080842 -2.155008872012182
0.2888204473915983 0.0240926077053261
-0.9731743644693376 -0.9216626334506398
1.8538029406999073 6.3707520147225045
0.8780268809097356 0.6768983200929657
0.5978988527754732 0.2137386983967114
-0.251608364095135 -0.0159285125547073
-1.4098500884301042 -2.8023269774831165
-0.1794211706785047 -0.0057759185194448
-0.4034917475130411 -0.0656907121395292
0.6929614908698785 0.3327570781693072
-0.9246134832457376 -0.7904613993203425
0.956645463184469 0.8754937472657652
-1.5601802501661535 -3.7977321224726825
0.4832087059725492 0.1128247165477881
-1.5051154912700078 -3.4096474570652124
-1.2348841486039719 -1.883122826388752
1.1256578660596506 1.4263274211386165
0.5164682564971397 0.1377624638292789
0.51493641300867 0.1365402866673233
-1.20850133123432 -1.7649865468237729
1.1480428840153962 1.5131233493800087
-0.4235445997148468 -0.0759796775799056
1.5241346999664236 3.540544459684831
-1.6914168649419752 -4.838959304783448
0.4868488066206846 0.1153937612464461
1.960128788205505 7.531020355840982
-0.9707402000394247 -0.9147639574344831
-0.6899460113271383 -0.3284318940119822
-1.2124642827519323 -1.7824069279589538
-1.2873016412499974 -2.1332461419768163
-0.655480169827114 -0.2816298427473607
-0.3977582275380027 -0.0629299686046413
1.1702934387404236 1.6028183671336578
0.5550393553247432 0.1709902448505943
1.12032083736957 1.4061357210892276
-1.6768401213183397 -4.714926967235529
-1.812192134930871 -5.951312063898951
0.4585024779958453 0.0963884644230325
0.7278596433883897 0.3856052347466449
0.7025230907579174 0.3467223280487441
1.6389774229776215 4.402698174118293
-0.7610954206113303 -0.4408768820273589
0.7214320101335954 0.3754794945068525
-0.1117411910551858 -0.0013952109904287
-0.6316793869186821 -0.2520519811839164
-1.4025256445911252 -2.758877597605124
1.1932100214840662 1.698832953476987
1.4054362116288464 2.7760892050975694
0.4176872130640219 0.0728708005015196
0.1370903421148193 0.0025764432486542
0.9692507277875859 0.9105596626051192
-1.4313141260655446 -2.932276179961883
-1.6265872008025477 -4.3036015164873085
1.0844736312154417 1.275431063220594
-1.7519773551895605 -5.377562485686529
0.5659064404130736 0.1812315937373598
1.296243416650241 2.178009105886132
0.0891236836953473 0.0007079121820189
-1.0005077572953471 -1.001524045469363
-0.8909325628969249 -0.7071873720513844
1.7210803243487813 5.098042118160756
-0.5228461273757872 -0.1429294382701467
0.1613933673198265 0.0042039452221412
-1.867624195969111 -6.514310804578347
1.8627837091808215 6.463790822042338
-1.5123409521730302 -3.458988652636286
-0.2831994229173893 -0.0227131355183288
-1.0683748194243803 -1.2194694662746826
-0.261492842823885 -0.0178804901437666
1.071054969832264 1.2286700786629416
-0.0395838588867243 -6.20232314028e-05
-1.5373548560513774 -3.6334766364805042
1.1628531043071177 1.5724417626023963
1.3139338629373447 2.2684045852789594
-0.9975051891333804 -0.9925342241160162
-1.7691018971481034 -5.53679628298765
-0.9460089565824754 -0.8466145823945538
1.0030258178963378 1.0091049481139382
-0.9046650014476638 -0.7403948130826653
1.328440072491861 2.3443686380582562
1.1460897800752834 1.5054138925406444
-1.7745219153788687 -5.5878417959204905
-0.1309729148586034 -0.0022466968639523
0.7637426203531446 0.445493201403793
-0.1282546181738664 -0.002109691903868
1.7265809126464884 5.14707867233109
0.5600187530519221 0.1756336434620722
1.576850841831602 3.9207743009289957
0.8833461733474959 0.6892754271404194
1.2547366512982072 1.975412293726921
-0.0515084708865801 -0.0001366582868137
-0.3181749191703944 -0.0322105267731801
-1.0712957614715832 -1.2294989436849375
-0.2395496689997794 -0.0137463287264027
1.7162215591565628 5.054987195217451
-0.3499105818961663 -0.0428421472415033
1.31369883663392 2.267187539119952
-0.6067898103963292 -0.2234162909940433
-0.5327015756627853 -0.1511652421610972
-0.4942636977872099 -0.1207469423310624
-1.2065849662970036 -1.7566034423510006
-0.4442802909400263 -0.0876942549722103
0.2927978353703762 0.0251017260230741
-0.9462956111105343 -0.8473844253648826
0.1949062222600526 0.0074041824481355
0.964542371968113 0.8973542671929681
-0.6571241306151037 -0.2837541659395246
0.5914212395014333 0.2068667785435845
1.3842744412739987 2.6525684572958452
-1.4106421881342075 -2.8070529474293826
-1.7329906897389487 -5.2046159532368454
1.2179650049240553 1.8067764883697106
-1.576987810959142 -3.9217960938653196
-1.8245542040717644 -6.073937375789669
1.5555345616753637 3.7639079586905706
-1.7164309510166658 -5.0568376596511015
1.5293558580920128 3.577055288832793
-1.6695006846116578 -4.653286626888314
-0.5061756305142309 -0.129689166032788
1.2862504314608953 2.128024385618621
-0.8779389040573617 -0.6766948681778069
-0.1451079974943923 -0.003055442016823
1.3953982177623083 2.717030363872198
-0.4011331345342142 -0.0645454468240078
-0.3394005810242855 -0.0390964877730197
1.1787657862064584 1.6378818326858167
-0.1023227729354761 -0.0010713143022939
0.9631175223408794 0.8933833466302655
-0.6717239879103349 -0.3030906736327448
0.3699778526619752 0.0506439046327224
-1.1779453377319178 -1.6344642006948356
0.281549332423479 0.0223184230670729
1.8880472324289301 6.7303641708493815
-1.509906296852832 -3.442310082136272
1.8321067703332181 6.149677466119594
-1.3037850776219786 -2.2162462723406864
0.2312098747950757 0.0123600189209333
-1.2138599059124378 -1.7885690051588108
1.9974805223384018 7.969804338673886
-1.991243371633237 -7.895379859395484
-1.7736248667490098 -5.579371854332445
-0.123296534714727 -0.0018743582943893
0.2156525259738893 0.0100291389519128
0.3338942769968467 0.0372243330925071
-0.9592390767825747 -0.8826338665798161
0.7112340988031871 0.3597805734892855
-0.0346286260696034 -4.1524631039e-05
-0.7875062749273742 -0.4883847212743113
-1.395916091375076 -2.720056598073313
0.2004048812285926 0.0080486841710884
1.6039916358467692 4.126732306054866
-0.5319407655108663 -0.1505184792535591
1.3998091599536746 2.7428780134843342
-0.7504373893112617 -0.4226135249926024
-1.3947584811784486 -2.713295114108446
-1.7764807903157864 -5.606367299553296
-0.9056582964970907 -0.7428362857077297
0.6335398438649822 0.2542856190808009
0.0319527831516817 3.26231637621e-05
1.4981094103306751 3.362254597456307
-0.5454742600749722 -0.1623015941514593
1.0141053527923458 1.0429157477240052
1.130591531097553 1.4451641645740216
1.7400538392895992 5.268513026630781
-1.4288527879386832 -2.9171748427073525
-0.2229811583662671 -0.0110867563106814
1.8800843598349535 6.6455665243401
-0.7542710487079689 -0.4291235167849557
1.0880527969056897 1.2881009751595767
-1.8983998072716144 -6.841684504169681
-0.3044374205714107 -0.0282159125613989
-0.0731735288854454 -0.000391797806105
-0.9741525771380748 -0.9244447308341988
-0.6792232781716718 -0.3133557617366185
-0.1719518604888055 -0.0050841767177758
-1.4035255410990235 -2.7647824291309315
1.3326268581059826 2.366604498567547
-0.0171977351446087 -5.0864381602e-06
-0.5355086066077193 -0.1535675180929437
-0.2807972875611116 -0.0221400565018455
1.6919276373894432 4.843344421641193
-0.0738532913424041 -0.0004028186452168
1.3788438675987202 2.6214723165180884
-0.5045001898509671 -0.1284056110878014
-0.241546961272137 -0.0140930416340493
-0.4722310565641932 -0.1053085507253115
-0.4638934644998356 -0.0998285497966001
1.7480417057533257 5.3414032974096575
-1.7107329181723827 -5.0066431341545075
1.232105688001195 1.870440456639506
-0.397221880586029 -0.0626757427768881
-1.8911458033882456 -6.763555218300585
-1.53551929512976 -3.620477345459917
-1.998128738681507 -7.977565867339172
1.6695074805046146 4.653343452321507
-0.4456494057036768 -0.0885074839738544
1.9776469575425066 7.734750272664895
0.6172790322575903 0.235203930672065
0.511732602491866 0.1340075478499563
-0.8720481145387642 -0.6631646106325055
-1.2053109878657073 -1.751045161116319
0.9258124974981579 0.793540536974268
0.7800514920476127 0.4746459894897877
0.1609297635616196 0.0041678215862107
-0.8651772995338178 -0.6476126864107945
-1.7735341095440953 -5.578515401042602
1.8892675264607437 6.7434226354724265
1.9189541350847956 7.0663278700662735