7.859326528193705 -0.0420070689179367
5.564904900253884 4.190031094553389
-6.2988712361605526 -6.298096338555335
1.3563142923008673 0.288679778061302
-1.6783422925064002 0.1801511979575553
1.2572390891218514 0.3877883263976419
-1.2604836212514865 -0.3848967679573538
-7.9935142797884 1.1117405066166333
5.601359167475978 4.349024979301341
-3.5724147529228105 3.245977257438598
-4.524541759549011 0.8449329299267914
-4.879544105499287 -0.8118478273088765
-6.613683705506187 -6.25575592858324
0.6856362896052879 0.5306936826005577
3.9994194162990535 -2.6159518416035685
1.3920024542618616 0.2475576176800734
-7.618545994010843 -1.7771525458400277
6.3638850563802905 6.343174059890737
2.280761667008182 -1.4866175282673957
3.99544837114467 -2.6253352975149085
-3.028020059710153 3.0085122293299933
-1.9139931440272857 0.6440571566230047
-5.779113363346747 -5.0603251466279815
2.726706573970862 -2.4953789127096853
7.972536922216079 -0.9429738130351566
3.468163750635231 -3.284863985408753
-1.7775747079756652 0.3649502738592173
-1.3987826180973588 -0.2394249842284723
7.845772663882697 0.0644049897938689
2.9651690805826636 -2.9191427936869623
-5.670479745132317 -4.638991645042928
0.6411128629894733 0.5138075078910446
-7.288356582609007 -3.906148230006037
0.8256124416286088 0.5598535518093687
5.654016523554953 4.571368115065484
5.999816223611621 5.7605370756039305
-0.2786310830289498 -0.267885075043914
-5.21458170557594 -2.5100320306597976
2.079564215804343 -1.0129589705292827
2.523422108660922 -2.0564377944229952
-7.911955391851123 0.4584288922219664
-6.32026684839178 -6.315922034212536
-4.873490562911675 -0.7817352853219783
-6.613203528876332 -6.256331515236923
7.699904472333769 1.1816909318575637
-5.25733915854479 -2.7252757405686254
4.715477261616384 0.0145626967769288
-5.008916184173456 -1.4636090274284586
3.663557571843892 -3.1757225545448846
6.81084915855681 5.884476387073195
-5.4166696335298905 -3.507216665816785
7.432534909456326 3.040508917591005
7.531443234580513 2.387279845812091
-3.4665714989388903 3.285122414628853
-4.0548916425733506 2.47809776155358
-3.93419942346088 2.7617733697518703
6.264233135542192 6.263108160522042
6.617350502808375 6.251308043851277
-5.7223307412465125 -4.845674639081771
7.944796375590581 -0.7205132926548445
-7.166070142584344 -4.549917380559445
-2.5956682812361507 2.218381963277292
-3.5425771073670145 3.261569913131507
-1.5381322111939486 -0.0502327946437285
5.144720004996049 2.1555784636593724
-2.215441431690518 1.331291553839939
1.3105108170795017 0.3372684183035336
3.144214707507757 -3.1442038990137458
2.4074314226333424 -1.7872601401639092
4.653478785696624 -0.2739788072110812
-5.613983493172361 -4.403143131876703
-7.540415060189588 -2.325865584055304
-1.4045710425543128 -0.2324015189456032
-1.0042624659667592 -0.5389983779814409
-7.902843435828212 0.3859935355539658
-6.486879109515895 -6.352769683337708
-6.1176603418161175 -6.0340441152555035
6.208887789735535 6.1917587651922545
3.233091799682068 -3.2195673654843637
-0.1102273870748824 -0.1095584291980998
5.489401096102725 3.8489054122011943
7.980159724813763 -1.0042515940609886
1.2433171614412224 0.399921898238252
7.071181154426597 4.98707466229703
-4.542915025928606 0.7662255984975331
-5.912017887006197 -5.50943638768592
-6.0764194560817195 -5.946991654493555
3.4701562743108507 -3.284526566670065
-6.428128237323907 -6.360723851566343
7.569940908011869 2.1213755890554076
7.484169615405955 2.7050795032830175
-4.7672826497456136 -0.26156222976765
7.651946890875333 1.5354633984046755
2.40674097810224 -1.7856338387085757
-0.7667277853090066 -0.5521856400020985
-5.260704213086086 -2.742143030444168
6.730359791519714 6.068580394784138
-4.0813926085766585 2.4078157785137133
-3.6812975745255443 3.1580392433622446
-3.225538731578851 3.2141803086892233
-2.486618266044461 1.9720462595955806
-4.798798561420011 -0.4141463452622768
-0.55559551512148 -0.4720264418190885
1.452523728655617 0.1713935151108585
1.4485230737040933 0.1766746229957692
-5.243278800814574 -2.654676693621465
-7.6335693435393015 -1.6689422098612878
-3.722798716468583 3.1115192265437446
-7.32875935778263 -3.6746790277392076
3.004518443003432 -2.9763361536157182
-3.266638254997341 3.2411322809604783
3.7760943215269887 -3.041142495075962
2.7244747132033407 -2.4908791679189477
-6.725558166732084 -6.078145328411085
3.1481599153289785 -3.1480920271937802
0.5840041562235676 0.4872122281799311
-1.2424339840541627 -0.4006766373476718
1.482816691404663 0.1302894375366634
-7.1032031060893175 -4.845863359643619
4.9934899825150865 1.3852620572584062
7.847425264656781 0.0514502496197503
4.803811844687212 0.4385667084880957
1.063103846383127 0.516840770769187
-0.7226221907951551 -0.5420201995476194
5.408816653179501 3.4696548241492335
7.456929764872976 2.8836040281111313
2.5062774352100146 -2.0172643014666374
0.2765370543269938 0.2660304931197896
7.4411799685134365 2.9852319375551835
0.5251925891893503 0.4544110170620956
-4.672861601588309 0.1846578764906391
-3.85929028205385 2.907287824911846
-4.223280515073231 1.9842621933112587
6.084948438130985 5.965776757617652
5.371281386253717 3.2885212939818635
-6.969627991360841 -5.391045543494506
-7.147675015626456 -4.639044162752416
-2.3903300533237104 1.7469192922686307
-3.1430487945219134 3.1430454623463815
0.5206236919475327 0.4516457960470315
-6.081607042830349 -5.958465475182498
2.867252160098417 -2.7600286141796624
2.5347310832566468 -2.0821342725830685
5.662674901696377 4.607049166459863
-0.1952677441011659 -0.1915568279617147
1.6982860300739109 -0.2159279357035453
5.208208285214866 2.4778178745596002
7.502147735958664 2.5853897298724835
1.6921818247254787 -0.2049022803550548
3.8042838173569784 -2.9990667266263062
-6.720834255957648 -6.087399440179135
-1.5457780362537434 -0.0386686898439333
6.68758888257217 6.148149479902991
4.230195367437794 -1.9616422134297478
4.4420239885632 -1.1863899254132888
4.672078142183979 -0.1882843838344487
1.6232475963089517 -0.0851023632759663
-6.128983832039911 -6.056260326020572
-6.083167878786192 -5.961888461599052
4.358142817931917 -1.5117675439782599
-1.3442842374170478 -0.3018994647116345
-1.164547025124838 -0.4601901918105683
2.242040884385977 -1.3944620287409895
-7.414001127463997 -3.1577849146198753
-2.706608068747032 2.454559355917957
6.464443421623491 6.358540805417394
-2.697367341740458 2.435571293239663
-1.9217353251477824 0.660653642728959
-7.510224532853714 -2.531146601383109
2.2269857897452052 -1.3586887366334295
-2.9408661246384273 2.8818193562767176
5.533247598022802 4.0488506092216685
3.0747774245835107 -3.0679166517900938
-6.510396688212843 -6.34306875652527
3.8095570065444235 -2.9908228215971597
-3.785870871433044 3.026930562101774
-0.4439518832026828 -0.4009157823929296
-4.913698412816496 -0.9825062380101798
-5.008509218915378 -1.4615406585346575
-0.1360299364349 -0.134773317211606
1.8793680941823343 -0.5707606545429172
1.1270876497631566 0.4838496660825458
1.224888845434224 0.4152992322092594
6.069037313210098 5.930407227262533
4.902245142853392 0.9251401534658572
4.002381215755735 -2.608910808469049
-0.0011502901797549 -0.0011502894187417
-4.5269990816084995 0.8344606776723406
-6.733505444404605 -6.062227523801777
-7.67296297128031 -1.3813764544431562
3.947562285729118 -2.733339374009245
-4.217622717391604 2.0026367432368652
-0.0301062376155254 -0.0300925947167794
4.607596279640477 -0.4819592199623929
-5.426247565902997 -3.5528633514499988
-7.021694341731921 -5.19235392439491
0.252787695693895 0.2447538425620907
7.347021206819864 3.5671420858637197
5.854341438019489 5.324213838996917
-6.386237307967832 -6.352357297259456
4.745743943217748 0.158264762694554
-2.9363531407065047 2.8747255467329262
-2.7347989495740386 2.5116234003740128
-1.447961950149109 -0.1774125750696878
3.0325732118729736 -3.0145696256773227
-0.2597045841664762 -0.2509956198998718
3.4419130779329734 -3.287859065772454
1.589690771352748 -0.0300345370138905
-2.840259951087024 2.7122829511207756
7.454251627897371 2.900968476519364
7.565307866758497 2.1537003132862735
-3.0070371003064142 2.9798566469893464
-5.9549705852702 -5.637090340148252
-3.3038429426748053 3.260451168430247
4.3766988423413675 -1.4417759185346846
-6.860149239257689 -5.749646323439784
7.095048812582366 4.88244026932331
-7.171895869210983 -4.52125989669052
-2.7689665457763724 2.578944806385493
4.965548368947205 1.2436905615900824
-0.7959242755044151 -0.5568482509300238
1.9665008696633688 -0.7580042471501797
-6.641383979858984 -6.219854449682968
5.1908019976276645 2.389694441644849
7.91954039157743 -0.5188233961903381
0.341536217113191 0.3218095103293591
7.546234429694435 2.28584836819058
-3.2956161793442735 3.256602041944567
-4.063575315728482 2.455381078784476
4.5058682110418555 -0.923954635381513
-3.05537153176847 3.0440216247058576
-4.358522199761282 1.5103481638073126
-3.8955415771022253 2.8398164310463785
-5.797260973153126 -5.126191139073571
2.9366585778640033 -2.8752072422022286
-1.8450179500258148 0.4996266641058131
-6.225877379346953 -6.215656668180377
-6.224796910895375 -6.214189121268379
3.2958436671959337 -3.2567117271826014
5.005607714983997 1.4467961824420454
2.1606068666585596 -1.2017372802449084
6.336156717411107 6.327269262075343
-7.3131597284753695 -3.765112810597273
-3.8606554793831442 2.9048473568035535
-5.589095771326601 -4.295982628187089
7.824242011363202 0.232655705896282
-6.328351793730789 -6.321897935763773
7.244439266556103 4.147385715945367
-0.5613475718985779 -0.4752023485308323
0.3926241604556555 0.362748681770152
-3.1455769810915424 3.145552013318603
5.5109974305808755 3.9480008243334277
-7.894910380085024 0.3230385745444569
-3.734132625067531 3.0975558396822014
-2.2175178016006587 1.3362167470583393
-2.325491392511605 1.5931163928542988
1.6188357461093688 -0.077738020706042
-6.155144145660637 -6.104757665213594
1.5400527416121825 0.0473392845621808
-1.10384969345826 -0.496911068236124
-0.2051612751094307 -0.2008586618722342
0.7174949049907902 0.5406002597389777
-5.399094285125653 -3.4229864250506252
-6.885789361624788 -5.672943352103921
-2.5645533212254232 2.1493046897995356
-0.0315015797008922 -0.0314859507046034
-0.8950444883209219 -0.5598361012318114
7.511460094466255 2.5228231935753316
0.1719128560502448 0.1693787475178357
-0.6571852509812377 -0.5203033354138453
-5.651650141521618 -4.561571853414888
6.939886625796401 5.496462430391953
2.3547256453217233 -1.6625949872578367
6.7161456855027115 6.096431295827134
5.800139553325215 5.136512787804709
-3.3222096399594996 3.268167410985147
-4.971911744716653 -1.2758886451728915
2.767252591965729 -2.5756179606322793
-1.3923228002424661 -0.2471756613215607
4.048242127065016 -2.4952860578455587
-3.3842301348879236 3.285098118137858
-7.919202745384764 0.5161331022632346
0.1333606754190253 0.1321765175513158
-6.2953548979154625 -6.294888735979185
-4.0712508343929805 2.435047516716422
4.189993840715646 -2.0906278410485686
3.770247385270002 -3.049448981767848
5.837854541414853 5.268478285889395
3.0743947050759317 -3.067456003215101
1.4585897631660139 0.1633201324100922
0.8199809802072018 0.5594198170227528
0.594444197375795 0.4924731821835355
1.505771060516917 0.0978441779520297
-3.8946397968026734 2.8415620052599557
6.337114458495622 6.327901407651659
6.831290764358437 5.830597146630068
-4.549061011681173 0.7396899659713293
0.2504607481284022 0.2426459540061182
-1.7264644327013752 0.2676713238250912
-6.483397551263494 -6.353887726263031
4.7188246872358715 0.0303687627309534
-6.603481425140144 -6.267643070156782
2.8948231074653084 -2.8071290491151335
3.0133256668527864 -2.9885713842145583
-0.9808951930285268 -0.5456512678188962
6.386302073899358 6.352379157843489
-4.667281648870402 0.210457235109832
2.1422853232561145 -1.15873007768709
7.634927856990025 1.659116464309292
6.6324222010238465 6.2320501103598795
4.498976168630977 -0.9528674725639923
-0.6674982743133562 -0.5242349540034259
-1.3577973840895758 -0.287027527318684
7.509126506237241 2.5385378445504783
4.169175788914817 -2.1550024176780744
2.683015752404188 -2.4058156119674314
-0.8667678272926853 -0.561053282754658
2.8528135317119574 -2.7346850109174503
-6.649564245284639 -6.20823706988453
2.800939433399913 -2.6399879973249676
1.6360200775365037 -0.1066317238662962
-1.5289394733191717 -0.0639779101797043
-4.128656651780917 2.27547635670091
-3.4603603936451695 3.286035482582468
1.0249983169236145 0.5320769598309514
-2.676176279413683 2.3915241912155967
6.887125555901582 5.668823224391287
-7.1159637253215955 -4.787783178569447
-1.0403398312716128 -0.5263361721948383
6.224550773073924 6.2138538087760455
3.656557518638172 -3.1823386725864893
-1.7698768353984882 0.3500251509215726
4.488883142335135 -0.9949592129380588
4.247133503624687 -1.905481277289794
7.49021363622702 2.6650043892886663
-7.988952807026308 1.075007440742732
2.338009978329234 -1.6228879856087237
0.0276192543075435 0.0276087206730837
-5.993322451868165 -5.743299518565884
7.424098405190811 3.094101836889391
3.0167502635569026 -2.9932718160215663
6.337416612112623 6.328099615673971
-5.558524060217719 -4.161800469412226
-1.110271108337761 -0.4934252082206281
-6.0335667789050405 -5.846566807575061
5.138381843420712 2.1233084284131674
-5.377606387581755 -3.319221063527717
7.014624712342563 5.220380057652605
-5.729518349941184 -4.873540471518084
3.0727959678321177 -3.06552708843686
5.097869479479909 1.916821452709141
5.161967962550479 2.243321028765583
2.9407101872400165 -2.881575085121388
1.7336222063965252 -0.2810329056262006
-5.326097715323506 -3.067317626204349
-0.0882412011817468 -0.0878978785628029
2.34579940608654 -1.6413987145187456
-2.487634955561175 1.9743921442583112
3.8479214689846266 -2.9273053427967266
-6.913459991140549 -5.5851468440656635
-4.450095047032056 1.1538949948925257
0.7893333595709162 0.5559422531228235
1.0116550011548409 0.5366409802088511
-1.6639452796035936 0.1547707163323691
-0.7753281266608738 -0.553732680317511
0.1088285674295015 0.1081847391290619
6.604739158974295 6.266216440308431
-2.9724705354132546 2.930062028432037
-0.0590971299645382 -0.0589939624960654
5.96697710744524 5.67114252658278
0.3286644766377247 0.3110724695302908
-7.532679155173149 -2.3788400572790738
-1.291750956295033 -0.3557973914940817
5.113340020060296 1.995706602785251
-0.4452833086136767 -0.4018631439691656
3.337922468625827 -3.2737980690965167
3.3820344413351364 -3.284743003222954
-7.938946980140853 0.6737240804072199
1.4292017029297295 0.2016917435768094
0.222785568607744 0.2172795949016216
-0.3078840695390248 -0.29340641242656
-4.535270191427941 0.7990881804370676
2.8695499254848507 -2.76401943249708
-1.6918167398890223 0.2042449476496848
4.431041516059693 -1.230280383796777
-6.22664477590536 -6.216694659436595
1.248198266838834 0.395718376935487
0.0410817635882985 0.0410471013853863
-7.279455552673506 -3.9559256378773853
1.0923589040281776 0.5029139715600114
7.17765253400427 4.492739647103151
6.600117610897762 6.271404988597623
6.629410536445219 6.23602382032606
4.844169519198189 0.6365212135999488
2.424802503320974 -1.828103170865127
-5.077708421829339 -1.813999523474411
-1.6186059620886688 0.0773554835104161
-0.7229743113055083 -0.5421159188797239
-4.479924224651496 1.0320700625868884
-2.5676903510891638 2.1563175032011417
-0.4628086486823744 -0.4141221371525441
3.822697970762901 -2.96976700367378
-2.356774006108072 1.6674563595423024
-2.3362033046261104 1.6185929686618794
6.266067563128001 6.265149552879099
3.5800377661655887 -3.2414122226524005
-1.1805190089740396 -0.4491224295476787
-5.246318575882238 -2.669955988545664
2.878405526581318 -2.7792897132680023
0.64748785864494 0.5164373512356645
-7.632676014563218 -1.6753997664330527
-6.206295623942777 -6.187958778160697
-0.2088123393875634 -0.2042764769293245
0.3364506046901461 0.3175866274599481
7.906618477821739 -0.4159872884151926
0.2312218394689154 0.2250683595576187
0.5651298711426147 0.4772629465590241
-0.0403644148594342 -0.0403315367360358
7.056512041219182 5.049575410630132
-2.0653381451443646 0.9802681721429377
2.2210253166760605 -1.344539175312304
4.581510936700099 -0.5979088349352734
3.9136312136984888 -2.8040778840435805
-2.7479112802732697 2.5377048060191028
-4.652613541792146 0.2779464241667128
2.421425652773399 -1.820175011045839
6.653205267843276 6.20291718251005
5.519319650771541 3.985873097614766
-6.9055481750280645 -5.6107805192122
-6.566040430398324 -6.305122351684231
2.4052396615369354 -1.782096845994406
6.327694225415888 6.321427540351609
-3.7448048762001314 3.083912734047465
-5.056986404694554 -1.7083400003864466
2.8629790932369925 -2.7525759341695943
7.744274978250084 0.847895303215134
4.147635750923914 -2.2198452639717816
-5.842374385500813 -5.2838782278393275
-1.1818580778427084 -0.4481678844576942
-3.1251940405910688 3.1247738449982307
-7.062074119685365 -5.026039833939946
1.5296018698403877 0.0629932984276534
-3.0075233517595574 2.9805343333932135
-1.6800044737359947 0.1831057024649175
2.8096621803336994 -2.6562968396092086
-6.631948227926284 -6.232679648439831
-1.9402478382637938 0.7006312684660123
3.8015991552963904 -3.0032186455505463
0.9324676730141608 0.5556146191056183
1.0675883233833243 0.5148320365411141
-4.537890157173763 0.7878439557263721
-4.675866897149085 0.1707344380629581
-0.0198027441060606 -0.0197988614230228
-7.602496926902136 -1.8918223433529484
3.312894535313152 -3.264405938615968
7.589655077750409 1.9828677699780501
-3.7882899168914452 3.023351690392727
-0.8901028954491466 -0.5601702942305231
-5.863782467857291 -5.3555817873497435
3.0662984713601293 -3.05761082594374
-4.083039265712028 2.403355244826578
-6.178574652871491 -6.144798199209098
-3.9944519572750004 2.6276795666183475
2.4038912377393835 -1.7789192138501904
-3.999236310651577 2.616385946901213
-0.5494883655032101 -0.4685991916839086
-7.826243981464565 -0.217053800803601
-4.663542073679308 0.2277090263164479
7.773431009270528 0.6254778194824715
4.393257014406183 -1.3783513227373794
1.5298276982034142 0.0626574116792926
1.0456443246472826 0.5242280624671986
6.198223390105248 6.17586582148024
-2.590758382903884 2.207554550735215
-6.062397954000527 -5.915235202241521
-4.503250201320279 0.9349536474887961
-0.1661270850632857 -0.1638399474481836
-6.709291685101292 -6.109360193224934
1.0579056782188836 0.5191122020473572
4.305973094361743 -1.7022360315833858
-2.1582328477811075 1.1961554449570242
7.377458910273347 3.3839818512920194
-7.054447722958793 -5.05825972048439
-5.015320213858201 -1.4961665515355953
2.8171728558000737 -2.6702173736132186
2.680318446886213 -2.4001878822263327
-3.1271687115290714 3.1268434132802687
2.5100819206214737 -2.0259788519781856
7.96816594382288 -0.9078637276415664
-4.7475915304938 -0.1670928129800808
-7.910379658048248 0.4458933164040092
2.565516292716003 -2.1514585207058983
-4.626889810135038 0.3951134417414493
-7.81162827995851 -0.3307497537692518
-5.129976821949061 -2.0804967466064093
-1.4675359005031918 -0.1512692244418451
-3.8664045855496685 2.8944837432243395
-5.92133344409757 -5.537884799354339
-7.559869684695158 -2.1915309763929383
3.2911785586098503 -3.254425555393341
5.200323217111146 2.4379229362091057
-4.82848422057727 -0.5593056602101875
-0.3102773433706378 -0.2954612673808404
-6.192331147309055 -6.166791490862713
-0.0391895708747292 -0.0391594806144548
5.960532113045485 5.652953586998682
0.6211562467210623 0.5051280443978273
7.081069394393179 4.944165597420571
-5.324720904022561 -3.0605284774624355
-6.253099367704442 -6.25026954171954
3.35442983181521 -3.2787389382869074
-0.3569610225786413 -0.3344592897997546
-7.541050289942762 -2.3215043316258415
6.533957896286649 6.329582168160414
1.5595654523516878 0.0175149155757759
5.955689814881135 5.639150522728071
2.6066120351535194 -2.2424123193915113
-0.5233932878292542 -0.4533256493197876
-3.968521563720758 2.68724003853654
-7.872232082062096 0.1436637874090822
-2.606540955629468 2.242256709517822
-0.5752751176960018 -0.4826803604323481
4.937684152401403 1.1030494300391187
-6.488660213382548 -6.352166047141009
-2.9700625505271177 2.9264761307185694
-4.4047403879377836 1.333836748570981
3.663908917198601 -3.1753850927946234
-5.331540269911406 -3.094128495035501
-3.3966814498094813 3.2867678728076832
-4.171933669741852 2.1465702717859747
5.642314036704594 4.522738634295468
-5.340688945918716 -3.1390979842105287
0.6334035108485381 0.5105344229743486
-2.7003251072882613 2.4416637696856363
4.823236917504168 0.5335516457598649
6.457457893253846 6.35964630749234
0.5627520267762876 0.4759700737637355
-6.334765206807312 -6.326340297701117
-0.0104202072701156 -0.0104196415584328
-5.009576667720383 -1.4669660412200047
-3.126613092468432 3.126262312968722
7.786969942922189 0.5214275686169003
-2.446875608456553 1.879775167953615
-7.287388443849087 -3.9115839128533705
-0.3859180332061687 -0.3575350224332077
7.172731544721824 4.517132180845153
-1.6682270467429987 0.1622795311997307
-5.640012680528136 -4.513121487045567
-1.7784569068171123 0.3666667839149893
2.773970450484912 -2.588626386513776
0.7377668604261078 0.5459271845554872
6.878594023432198 5.69492102839369
2.6871815893445863 -2.4144855617907663
7.7572729498580415 0.7490268298405272
-1.4364482162561547 -0.1924040857476759
0.6927210318381896 0.5330565398552201
-0.4882628619237241 -0.4312088919664631
1.8504294974585207 -0.5107242529260878
-3.611977369623453 3.2196949178727055
2.795045130578387 -2.628882377506589
-5.368572190816739 -3.275350643032003
3.1582778599361365 -3.157838243998678
2.2131727024660623 -1.3259113990694669
0.5165105584360905 0.449130582058931
5.931913772335609 5.569687075739188
-1.1697718234167667 -0.4566341969996496
-4.833531041799866 -0.5841127830759769
-2.079419726725277 1.0126261794905853
-5.990414138321457 -5.735508689683231
-5.303235369103847 -2.9542421565830375
-6.386192093838675 -6.352342019731681
-2.71898569949726 2.4797770214121058
-3.4738932110910063 3.283851663411234
-7.813709953666011 -0.3145861801089738
-0.7197523288561332 -0.541231450952083
-5.7378708089538755 -4.905674165607491
-5.722527208672874 -4.846438935582366
-6.0707722579732035 -5.934331917225993
6.035836049409157 5.852134299237755
7.963295116115656 -0.8687628986950902
-4.097479279953577 2.3637733741434785
-7.616358445183016 -1.7928395214017412
5.0171403992339325 1.5054233684223568
-4.964997744724908 -1.240905752532886
-7.921900086083767 0.5376296289890625
-3.7274475190673577 3.1058573461852714
0.4879519984631582 0.4310054873338012
-6.939077548288729 -5.499247376596964
-6.446951294675271 -6.360692979647081
-5.701568265962406 -4.764090067047795
-4.58517261377496 0.5817368936988767
-1.6131815741765472 0.0683546291825443
2.921744245028684 -2.851419379948824
3.7933904277751385 -3.015724618118866
-0.807751670024297 -0.5582574742720432
-2.746390403231409 2.534695109780866
7.383693781527818 3.3458684625346646
-5.565259465249355 -4.191596372125535
7.560612650803002 2.186369677694036
-2.1832166889037214 1.2550212953396662
-1.6735033692494952 0.1715785537752538
2.1593154529009997 -1.1987005605484107
-1.6454263577386143 0.1226842613896175
-0.5549936210574984 -0.4716911883969399
-3.6973105908300923 3.140946351472234
3.575530121830017 -3.2441403084408202
-3.205028652722607 3.1985820954272617
2.5259670436774115 -2.062230655081289
1.2087464179564655 0.4281283051671252
-1.3583067665460806 -0.2864589077904853
-0.316213448453956 -0.3005355011509841
-2.409507311335572 1.792148484307432
-0.5582140658399037 -0.4734785231421858
2.1082138238990584 -1.0792352279616888
-7.865706417602466 0.0922215928348699
-7.081946420344762 -4.9403296869878774
3.9832042610390506 -2.6538571879369
0.430224308845327 0.3910189222481082
-2.6663850637305835 2.3709436356685982
-6.151944962033225 -6.099040326647603
4.4310825612678855 -1.2301170551878728
-4.601244021050665 0.5103528147171779
-6.927039408197375 -5.540164066705043
3.3739701507863593 -3.2832833251907614
-3.950160673622669 2.7277237677841453
-3.5979906148920637 3.2297211615097337
-5.594228434292926 -4.3182385461357615
5.798744273674698 5.13151411661927
2.1941566059146904 -1.280875635292331
-0.2508939059430677 -0.2430386382228245
-6.52985731937525 -6.332201228349684
1.6591559062742238 -0.1464116284273226
6.513401803832101 6.341558827062804
-4.333315025781923 1.6035879662537331
7.121954432523781 4.7601639436392205
-2.5926863228845196 2.211809447359596
-5.619783840680796 -4.427839877364085
3.789335452969743 -3.021797207226114
-1.1444109566999021 -0.4733083576399098
7.0436523760867225 5.103225869824955
1.825480922426772 -0.4599120120119231
3.4678134785940635 -3.284921689871607
-6.669426347939577 -6.1781006125800655
3.5221051596888717 -3.2701845263697398
-7.0939304771790574 -4.887423874438703
-2.476494380729971 1.9486448120331064
6.933333321130432 5.518893205953516
5.629930341693335 4.470782429743586
1.7555149733292676 -0.3224353890348857
-5.994280766783884 -5.745857089141581
1.864660503925089 -0.5401043319151466
-0.7178800200813438 -0.5407086101238715
7.690305498529392 1.2531068509968597
-3.1744828676369377 3.172765998313534
4.0020997173799735 -2.6095815663789472
-1.8417814603012328 0.4930094428282209
-1.5612123589613596 -0.0149623799719682
1.1031595565119314 0.4972801049149982
-3.556682723032413 3.2546492322048537
-5.823006144483417 -5.2172559593956285
1.6972147948892484 -0.2139882497229397
1.9637499998957768 -0.7519564630512983
4.554100369856926 -0.7178557539804061
4.706669051364461 -0.0269216660929562
-5.376102011904461 -3.311925521209042
5.705085247454635 4.778022314919426
-3.755457611940498 3.0698154258576955
-5.416533631782382 -3.506567183654995
-5.5061398767147995 -3.9258134203009694
0.8639815998409297 0.5610825058815327
7.346125079936977 3.572460634791365
-7.324481821846069 -3.699608310301806
-4.401145787301878 1.34781716216779
-7.804107005057347 -0.3890655953603815
-4.143835375957735 2.231097997375022
7.868797557670677 -0.1165792390035633
2.574288691626675 -2.1710335302728403
-1.101977816407052 -0.4979094918543086
-6.419418047251277 -6.359939978693439
7.280232540265173 3.951598213129592
7.86915977743687 -0.1194346500935257
-3.083836538242652 3.078694484926079
6.1432823287546015 6.083259574564081
0.3079793471715053 0.2934883161273017
4.835529888730287 0.5939478102861651
-2.8703934314772663 2.7654815079430706
-4.636946375254029 0.3494915672040251
-3.7594104564986104 3.064462572856883
-7.497605784646073 -2.615765426916093
-7.586273418925213 -2.006736084656215
-7.889831045102266 0.2827852161176219
-0.3644950838666521 -0.3405491680145258
3.135922751228197 -3.1358723448658288
-1.1430478501104275 -0.4741627554447036
-1.4651925457139416 -0.1544424378154351
4.763597611433994 0.2438307127553013
-0.0478930465672125 -0.0478381298735506
-6.636264945270025 -6.226888750695584
-6.566680650024976 -6.304562475585893
5.239214294091825 2.634233233608656
4.334308172037602 -1.5999556914604378
1.0384046818968393 0.5270894622468507
-6.608898405022364 -6.261420946438043
-0.4477251297838656 -0.4035947718186096
2.114162240968552 -1.0930642624417382
-6.101353855059404 -6.000767904711731
-5.858891793873118 -5.339382714357773
3.9574755763587337 -2.7117635790835655
-6.822965526665078 -5.852887598653885
6.5839131671662585 6.2884346416666
-2.0851244523501915 1.0257769961684842
6.524664966102424 6.335353070388096
-1.5478656448075707 -0.0354905044224912
4.799596998771689 0.4180329993553304
-6.772261872054623 -5.978329802758224
5.4398381230517625 3.6173108454274034
4.12879494209921 -2.275076126689977
-7.361563188044002 -3.4802407171236758
-2.0247659684800645 0.8879338823247684
-4.931677877067473 -1.0728155259679675
2.406339873333563 -1.7846889626067524
5.0673792034918925 1.7613257340164705
2.1584888090879755 -1.1967571395272865
5.9517568789869095 5.627853379688417
0.4939366306861181 0.4348980380842745
-1.4285981421519836 -0.2024601477628837
5.221181865453373 2.543359802506234
1.7057487995913316 -0.229496929331982
0.1656451920781734 0.1633778697997181
-0.2512415133439827 -0.2433536653747385
-7.480387293266659 -2.7300734966797116
-7.6864861405992055 -1.2814403728135009
4.84480220716484 0.6396428916685067
2.959351790757905 -2.910345050103218
5.04843386158862 1.6647502801582705
5.48850123501054 3.844751429725739
5.794832135177828 5.117455093728578
-4.7891613999627705 -0.3673144346721445
7.39391413483702 3.2829613801615927
1.2383311187745587 0.4041593685460216
-6.419944868076724 -6.360001698628898
2.809312726906878 -2.655646385782607
-3.892620046213686 2.8454592126547995
6.686994319179085 6.149166165550237
3.86791060191819 -2.89174586659793
-1.011047530455592 -0.5368392918063715
-2.4522377925158114 1.8922852551542557
7.742272007514291 0.8630886107159226
6.911831485955041 5.590457707478782
-0.8505258933679531 -0.5609966400027926
0.420340219304018 0.383749670254839
1.0599548549211608 0.5182240798079383
1.5755080570476085 -0.0074233415088505
-4.795534471888844 -0.3982678179432786
0.4050002684324845 0.3722366747332258
-7.263186609099266 -4.045750849381117
-7.077361602210933 -4.9603284125824905
-4.989592212463336 -1.3654853460676804
7.037160171879082 5.129904504977546
-2.9398979770441027 2.8803018069996322
-2.509565032352862 2.0247955816204044
0.7805511627589077 0.5546017460933476
2.257531847639706 -1.4313114889598382
2.6255084825694226 -2.283557581533161
0.578820321008692 0.4845354454540822
-3.3987883303084416 3.286992373944889
-5.6951888824842065 -4.738703105640436
5.862342924415746 5.350824931245499
-2.1801568480352262 1.2477979371091237
-3.093513593254917 3.0899388050666214
5.524665902928664 4.010107639929812
6.763781394460015 5.997576886771393
-6.97712675651281 -5.36353468769171
-1.3725674712056435 -0.2703040777654422
-3.040252841157729 3.0246548671300304
2.908163248300559 -2.8292904981826674
6.512161170130922 6.342189625596989
-0.5460870139904621 -0.4666658978082411
1.9037648315234978 -0.6222453975503042
-2.331146533806999 1.606568484762239
-5.639898048176088 -4.512641989973639
6.577616087535475 6.294564705765057
-5.024781660295252 -1.5442982582886164
-5.270580181922325 -2.7915776356253748
-7.023721206573949 -5.184258506611483
-6.255918129312965 -6.2535926390000185
6.776372153323759 5.968822182584388
-3.3128834024056637 3.2644012555571225
-0.8425376101051523 -0.5607686543867206
-0.8544346674033587 -0.5610602422548878
-5.414398910579466 -3.4963679367484266
-7.941642886287342 0.6952830786043706
6.130152266391521 6.058510885109927
2.743229569046699 -2.5284270254605974
-7.5605099146655625 -2.187083508558576
5.950553254683067 5.624380636034814
-3.790958797438547 3.0193744893130208
-2.85630701418798 2.7408588089074093
6.442988372452884 6.360895935024204
-6.147774527499799 -6.091497557492067
-7.669690731420166 -1.4054669131186013
2.780042449153962 -2.600311599124304
4.5658525170520186 -0.66667198856148
7.620324923416375 1.7643826573944028
-6.618629398510405 -6.249734879939928
-3.23256989863893 3.2192013604304135
2.107203540831936 -1.0768887218414442
4.277766745507751 -1.8012297786839913
-6.761717978133209 -6.002184676009169
-6.945093920007409 -5.478433087937692
-0.0850726430412134 -0.0847649782230253
-5.017168304742389 -1.5055652963998227
2.0214826477213155 -0.8805243399419276
-7.5929163859325435 -1.9598065160256226
7.4081266634483836 3.1946022265600904
-1.2688658564928623 -0.3773149042020865
0.0630758066602723 0.0629503728974369
1.4416094122480914 0.1857194776006605
-6.9418813344947665 -5.489577610521492
7.114389970993299 4.795001454209432
6.174427777129196 6.137947571961745
-3.3880743849698174 3.2856761276765725
4.673029795368304 -0.1838791597939429
3.2416132047458124 -3.225411989468933
6.422412934057633 6.360266328081539
0.3474170640721219 0.3266607223908276
6.79749504046222 5.918120069214556
6.152350963310797 6.099769213798999
-6.3311549468619255 -6.323872076510767
-7.469270368210617 -2.803153849637554
1.4227288657065582 0.2098909441723976
2.4370356858357507 -1.8567740208732628
4.872265804790755 0.7756481655179547
2.0023834457987064 -0.8376228533586978
3.0413221294098154 -3.0260459379240707
4.507390623583342 -0.9175494563704677
-6.856687567162613 -5.759657901140804
5.205825218019468 2.4657651908625673
-4.2066975528462685 2.037776644261219
-0.8009224746850574 -0.5574778197258237
3.4063462882207727 -3.2876589541640744
-7.039958346509403 -5.118439417169595
-4.09238110653701 2.3778435385737726
-5.738038003346645 -4.906314653854439
1.070212164480374 0.5136356007742587
-6.837340012427749 -5.8141017148464815
-2.70028502758011 2.441581305135826
-3.5802282471387166 3.2412951115389417
-6.064646082555425 -5.920399642686866
7.651024378681358 1.5421922324027906
6.317591372536496 6.313852430663812
-1.243391925333329 -0.3998579249354946
5.5470117766341716 4.110575846960177
1.6334433378033761 -0.102263420803057
-7.405092512936735 -3.213550810866411
-7.241087722231965 -4.165341918485548
-0.9469923905375168 -0.5531637209583308
0.6709035990613881 0.5254921030218698
-6.142359660885095 -6.081553036412672
4.311897077170858 -1.6810852123239601
-1.3994948507101608 -0.238564778360938
3.2822392518507044 -3.2498289801952054
5.549407574015538 4.12126662205029
7.921853380781391 -0.5372573191760172
0.7586033376222066 0.5505924014889748
-0.163367342392208 -0.161192140267684
-1.5445825324031635 -0.0404847319519858
5.687699815167477 4.708711757508029
-1.5394106995918388 -0.0483074384833816
7.3977679774118155 3.2591027376352213
-3.016670213426748 2.993162310012364
-5.818677334559922 -5.2021424667607725
-1.9818846444965548 0.7919753944190256
6.976910190245034 5.36433445064449
0.4927628767060455 0.4341384886342425
-6.043253013179964 -5.8701383893602435
4.863475091444233 0.7320111651376146
-6.029848946667853 -5.837385827015396
-7.596233090608425 -1.9363110886806483
3.723501617087461 -3.110668987138052
-2.609432248300882 2.248581432514104
1.3090540900906191 0.3387358643779872
2.920592981298519 -2.849560665885517
4.11294885169996 -2.3204447301474422
-2.2543944982048973 1.4238457788133556
2.8899400669264974 -2.798913435055041
7.115114186298664 4.791681653824247
-1.4612327511846637 -0.1597777699873353
4.427421357317408 -1.2446649400116772
7.216713638921956 4.293958224595508
6.823930533735336 5.8503282608651785
-7.676947710097444 -1.3519921353449071
-7.6149133095820645 -1.8031928265551642
0.6989377206793215 0.5350550637814335
-4.364147474921014 1.489245234817399
-7.182259463733974 -4.469771011238044
5.743003109264535 4.925285569181907
7.111529410164666 4.808082082567114
-4.404078572261859 1.3364138848251752
-7.699687098888349 -1.1833114240706946
-1.5579458840114864 -0.0200197434418728
0.4481343885972642 0.4038842598340919
7.313378349856968 3.763854595068787
-5.082466551387908 -1.8382659038455802
-0.183811434312199 -0.1807149815980913
5.236225875399796 2.6191926646864974
-7.918745855519406 0.5124929684239219
7.315640145557971 3.750822089812168
5.909034593592061 5.500237869354774
1.3624594501180347 0.2818016112423192
-4.049528996806682 2.491973667159238
-0.043833702793691 -0.043791598640065
1.1785911606109991 0.4504894428311699
-6.555072498367538 -6.3142772015114685
-6.883145211394298 -5.681060713908708
-2.3815060112865343 1.7260591588209406
-6.103807489335884 -6.005871235044503
6.904812708698914 5.613141836544916
2.192903174661277 -1.2779112282322327
-6.305636341211786 -6.30404723333989
6.289392309543286 6.289271154606083
-0.1080654033813921 -0.1074350162277683
-5.15475984118126 -2.2066666355168723
5.11449489477296 2.0015941608677523
6.821568449112096 5.856581496051277
-6.022976727732255 -5.820221259239436
-7.590416847044166 -1.977484889626654
6.689529122365592 6.144814673836422
7.450198284145351 2.9271847157727566
7.075862999343883 4.966836136557479
4.5119749192483205 -0.898221954053275
3.2564392003619194 -3.2349870191824155
4.32132203199526 -1.647180049863773
3.711942076325956 -3.1243875403279096
-1.9219399835337114 0.6610933534108104
-1.0655068039400444 -0.5157700791763571
-4.614808972253602 0.4495988009654319
-4.684330693595365 0.1314170490386881
1.9748704660029244 -0.7764551421347908
-6.835655157471061 -5.818721328584976
-0.5278049950603663 -0.4559784619194796
6.696973396086181 6.131777495768298
-2.670420539429349 2.3794430827897135
-3.3755833657918384 3.2835948423693284
3.858165211480852 -2.909293119912469
4.16024160376592 -2.18211625393576
-2.6380988083462604 2.310716471856606
4.402886903518949 -1.3410507086200356
-0.3254395290157817 -0.3083573023221062
0.0749373218814462 0.0747270112322854
-7.097597076788205 -4.8710549326883035
-2.530159951883741 2.071761837491863
-0.8056865086985319 -0.5580315403122053
-1.5161518411607027 -0.0828081120318729
3.932138717124541 -2.766091735168943
-7.951565839497025 0.7747163055044742
-1.4371159956922828 -0.1915424594358811
1.321200958304841 0.3263523411772414
-4.303145417279445 1.7122881311166709
-1.4300803912660331 -0.2005716488135918
-4.460311079843001 1.1124761924859328
1.7273997747139642 -0.2694123947102052
-6.3618854660321205 -6.34219378017415
-1.2831344129989901 -0.3640393330252662
-5.732857197091395 -4.886417899918037
-2.4105956604732093 1.794710568766308
-2.753385096420164 2.5485030673034283
0.8855668379884118 0.5604316069180805
7.612696406635109 1.8190600478997099
5.624062925825312 4.445990520868914
-0.0738704644413755 -0.0736690062205537
5.254055290841864 2.708804316301656
-6.045184821760911 -5.874779057422966
0.9270409906347048 0.5564131197560135
1.1416244744088822 0.4750503808746651
-0.229336529343442 -0.2233319112365271
-6.205417516650678 -6.186662319098927
-5.5429696694939 -4.092502769513535
6.519435613650005 6.338341705130517
4.905058472113389 0.9392189830881185
3.9168715423853904 -2.797530958801225
-3.474744968050363 3.283690144071556
-7.579523415647698 -2.0542439172827267
-3.2353453319887677 3.2211371050024176
2.6554303486579283 -2.3477522073530923
-4.04342946246936 2.507614048592325
-3.9439487622941662 2.7411020037314278
2.5375260264933406 -2.0884666593676178
-7.768100693933176 -0.6663120165620471
-5.425051078076759 -3.5471712333715244
5.234534184516068 2.610674941899047
-1.1626684873934696 -0.4614533945516905
-3.558041499918483 3.253939962438449
-0.7219742920831145 -0.5418434727670646
-3.645950798730457 3.191974608963092
-6.001267862612622 -5.764360463946966
-5.97026620571911 -5.6803442073224915
-7.081792670916682 -4.941002506159391
7.0148961587985905 5.2193100061173405
6.9311692681760135 5.526236917209632