-2.636106290745822 1.6976645001941706
-7.473269132469859 6.480014018361433
-0.4634772390778661 0.0713425631815457
0.1003915393740957 0.547106265563968
6.54725983657981 -7.54064134384636
6.5341651819184765 -7.527522355871805
-1.3009830851816133 0.5267403927716408
5.849141511190616 -6.841012608372482
6.939239300294659 -7.933291706495517
5.717378871252887 -6.708907651786813
-0.032134954319174 0.0003442180066386
5.3804913226922455 -6.371040395052144
0.6690746383204065 0.150933298450685
-0.3527692887538141 0.041414935945893
-2.4534796128300336 1.5248343959415522
-1.7421986380799215 0.8809457563426178
-3.665809423944822 2.6965185732584063
2.941207920317252 -3.9145133646518047
4.825711660637433 -5.8142357665593
-4.924177893755932 3.94052770219944
-5.594946135608554 4.607399861289825
2.548288306132193 -3.514697149283331
0.0197324654852551 -0.2433700199899858
-1.0854233045295363 0.3763449856736622
2.831030518540885 -3.802630867039953
-7.769195306640975 6.775410352738977
-3.3861301743698142 2.4224926718091093
0.2474971766823302 0.0204297683042807
-5.0845085736328315 4.099777965336454
-2.5195236761476814 1.587100163650151
0.0335767261658688 -0.3175679125715332
-6.758407017832242 5.76674750115199
-2.2073086129550816 1.2956291186977285
-7.583475171705064 6.590015134384291
-7.689353731659656 6.695705441264881
-1.4676354853406757 0.654350309087243
-6.1544361208178415 5.16460644178177
2.232810648207815 -3.191584815819322
1.4290424528490462 -2.3512377603089014
-1.927340199005858 1.0423477627734326
-4.667592091227794 3.685921048652781
-0.9008924374335816 0.2637472904384761
-0.8821335846062137 0.253249101427307
6.36319931416306 -7.356226130920073
-0.1652687139107805 0.0091030611744746
-6.028070603919936 5.038698824757851
1.4097971228202404 -2.3305932983681688
-2.7138017426969316 1.771758997815457
4.105659820948244 -5.090428279730286
2.6389506667187668 -3.6071673733824015
2.315282475122485 -3.2762825578184875
-6.098898194898592 5.10926608014058
-7.832860122018619 6.838969313561957
-3.1491013477554066 2.191512951088865
-0.6770508230479919 0.1511008026864676
-5.760762515369127 4.772466065770554
-6.266149318218595 5.275938825339449
4.84568577954375 -5.834293586785475
4.00669514999352 -4.990807639711829
-4.4270562114429275 3.4475788284521958
3.6731395034667114 -4.654701951795718
-4.816281313511007 3.833422975874328
-0.5014470020133892 0.0834303312293152
-3.49042418015512 2.524514580417519
-2.2461399377835587 1.3314410137315247
0.8108656970468751 0.2237741011118938
0.3714308284183794 0.046074732155697
-2.3736964601957897 1.4500173911719842
1.9355645520720837 -2.8845420291577484
6.46301938029033 -7.456241980995696
6.398740600640666 -7.3918380843563805
6.439555346901422 -7.432732671053173
5.169542606709497 -6.159389634476678
1.3035505718485396 -2.215911384446078
3.88305161017815 -4.866283797586857
-0.4823037070525089 0.0772207117756975
-2.957912798267456 2.006313998597342
2.253478173505604 -3.21282745293449
-7.872822603530576 6.878866718448923
-4.840159349473851 3.857120966456229
2.528879837639307 -3.4948819260919777
0.3849968787622 0.0495126241493418
-5.9371251173010045 4.948102102656592
1.250852423620712 0.5712100414182805
5.576880807372563 -6.568020326883525
-5.09334831309403 4.108561234749543
0.0725728473945431 0.4657229030418579
-7.386678925912426 6.393591613517066
-4.740318176384273 3.7580517551881822
3.56310031546732 -4.543686976612511
-7.893636421965219 6.899647051642318
-4.522893307835826 3.542497848893278
5.462131333953657 -6.452932784104047
-5.851930507485957 4.863249847854743
-3.3195461389899883 2.3574753617268063
-6.276139524742186 5.285896013666159
-7.47328101685388 6.48002588013347
-5.490507416179703 4.5034708092751
-7.4285536836752595 6.435384455022189
1.1952219689985135 1.5834691796237836
-7.833308159277142 6.839416615433715
-4.0181184363832525 3.043364144685042
4.443121799542283 -5.429848071267737
-6.934339329065731 5.942238668585572
-6.3622336826047015 5.371712362617693
2.457231195861702 -3.421666853733069
0.4982492179767259 -1.2620445633562734
1.5953915576049358 -2.5282958369479624
5.928750947122268 -6.920818953038227
-0.3400520471128114 0.0384892393647806
-2.865485019870551 1.9172213563336908
-2.7430649140604153 1.7997426512877757
-2.053965800261272 1.155730854956866
6.717861412845396 -7.711548139446753
-2.48843684655826 1.5577562225094659
1.3805865739387926 -2.299187213215368
-5.986096070851943 4.996883182276414
1.5310316664559984 -2.4600667051839253
-3.894221373878457 2.9212138857159546
5.306478756235032 -6.296789995525179
-3.8295769118896454 2.857551678582735
5.337389429960931 -6.327801071841253
0.7522125951482455 0.191731252225184
-6.372366687538463 5.381813446138195
-7.248438935589192 6.255632704812907
-3.2642455394301617 2.3035510929878216
3.951982392475747 -4.935714036041108
-4.457492462289665 3.477716780283843
3.7874004526090066 -4.769900919688556
-5.250531283550014 4.264789568645702
-2.808244306354423 1.8622118738180864
-1.4758658047280964 0.6608700825240355
3.7214264620495423 -4.703394224763831
0.2557225285875528 0.0218115298369579
-2.629747418789041 1.6916141316270883
0.516765479862169 -1.2874341659688917
0.2563439673413708 0.0219177678283671
-3.2621495734609702 2.301508698857999
6.234211148941105 -7.226972207660952
0.0682000958271676 0.0015504359063704
-4.927625999149685 3.9439513989307793
-5.102676084084109 4.117829752247092
-1.7259892872882112 0.8671045208327751
-0.9714329130638985 0.3048402622859779
-0.6665252106754469 0.146512441379795
-3.675325236932295 2.705865075211703
0.9539539823965928 1.5125902385461467
4.23139367306848 -5.216938965159253
5.606479435632965 -6.597703149171154
-7.720505975242679 6.726803833705731
4.79329701329779 -5.78168332228997
5.807147890085462 -6.798912165595586
5.874366153568374 -6.866300424738501
-5.910650265686257 4.921731974942734
-5.651126274153258 4.663318040298912
1.8396908299774497 -2.784768679998878
-6.996450275583422 6.004202146879401
-7.3854292454835875 6.392344400204505
3.7353381756924904 -4.717420254991568
-5.060004053569777 4.075431615297664
0.209944680655429 -0.800867415782877
-6.367584659639199 5.377046462828207
-5.358066197259017 4.371721590060537
-5.1681793369091125 4.182926355399481
3.557598951851599 -4.53813482936046
-4.566483750235436 3.5856906061936207
4.125072948277076 -5.109965347006957
-1.1231749475233013 0.401324272663482
-4.428158937473544 3.4486706342760853
5.81388860597786 -6.805670168927488
-4.513851225965599 3.5335397765080807
-0.9315810844493786 0.2813151573647998
-6.431304997481927 5.440569217117266
-7.546971821024074 6.553578619405088
4.815996237254536 -5.804479299086115
6.1117468405824 -7.104241334171377
-7.8043772333563775 6.810533447822325
5.990161032465178 -6.982376106771392
5.770373436896897 -6.7620424366999305
6.270417415148829 -7.263254577617364
4.3242860996413786 -5.310368039197321
5.926517552154824 -6.91858013144615
-6.15761757943274 5.167776752892235
-6.818851254319702 5.8270361283474905
3.4151257333548077 -4.394274538083891
4.701429988822888 -5.689412088192397
-6.995948032664925 6.003701079921506
2.1586678776861152 -3.1152768783096465
-2.595225968179692 1.6588059088411347
-0.4163823361408152 0.0576381258485232
-5.073070411135738 4.088413333246696
2.1639572237109697 -3.120726187498752
-7.426810999324419 6.433645150816589
-4.172434616428109 3.195726966360286
-3.8033539894526367 2.831742116270139
4.3479359429560915 -5.334149771783892
-1.2015839271112156 0.4551166982918287
-2.402972562591698 1.477417275354061
-7.244190973601282 6.251393648331484
5.731392786025486 -6.722958986862027
-4.7074008072893285 3.7254002802001134
6.965312942459153 -7.959406323133545
6.516900649762141 -7.510225536864267
-6.346718028122314 5.35624589793593
-7.690702110422336 6.697051474963153
3.904820209516553 -4.888212562685293
4.117726068492772 -5.102571739381916
-4.694802773118202 3.712905565250491
1.2768708740649384 1.587108422434489
-6.771907083627447 5.780212432263128
-1.9442047459728524 1.057321867359193
-7.096418206801191 6.103941198230292
-6.464370613674337 5.473534713720617
-7.998038497086928 7.003885269805089
-0.3715730512323123 0.0459352269569012
2.297453690372615 -3.2579878821474297
-3.0408707175806136 2.0865333771581294
5.297898407331852 -6.2881814982003945
-5.079245319436428 4.094548481193693
-4.957184727934228 3.9733030761342834
-2.057863733005817 1.159254100967108
-4.4065035018236305 3.4272312249667722
-4.5976206822363554 3.616550699658199
-0.0535225830753241 0.0009548835439347
-0.4773628439160689 0.0756560427262061
-0.4023605279921316 0.0538354038908061
1.2386221464244578 -2.1451596100697103
-7.286306401741286 6.293421505025278
-3.05156031905892 2.0968863002861164
6.089289510833437 -7.081733534251919
-6.477323390460869 5.486448709056185
4.248707750223923 -5.234355376881952
-6.414728852455237 5.4240438764548555
-7.723339647189512 6.72963264106592
-7.0834114690014705 6.090963665662866
5.0140580273722115 -6.003336602520318
4.37091012004562 -5.357250296106873
-7.85540200934972 6.861474364927176
-5.1028845927288415 4.118036940268745
0.6367852846887203 1.308843818933946
-1.1999988534531258 0.4540047280368747
0.7281508021815863 0.1793766668077025
-5.0420840405886 4.05762880924804
-7.262106484655481 6.269271712051767
-6.419630785034775 5.428930741992251
6.69970282368868 -7.693358074554168
5.138513232892217 -6.128250465546926
-1.750365670256901 0.8879388280723056
4.73254618446143 -5.720667509634659
-4.868309623606155 3.885062544355818
-4.945687526980601 3.9618859467739473
5.051073556867712 -6.040491688484217
-0.3098083360112671 0.0319586154245433
-5.690994573499813 4.703005366983047
2.1329241267872305 -3.088741952118083
-2.1438590835619245 1.2374334965213363
1.4835395678691317 1.5151291574644263
0.9355699842468111 0.3015316291796239
-3.0186703593922566 2.0650437527148777
-7.848753407271941 6.854836592877199
0.8637297587988755 -1.722027981394999
-3.1210392495564765 2.1642611215988476
6.995122745920726 -7.989262457589019
1.693756034133159 -2.631998795253085
-5.297361785002293 4.311352767455004
-7.929583993383712 6.9355374390427675
-4.1568660764361365 3.180345258400129
2.4365836170472495 -3.400548036455661
-6.099727191530079 5.110092086013878
2.9350807312191893 -3.9082953868103822
2.031102767878897 -2.983573123571793
6.3079713332715475 -7.300886176474312
6.0049591076467514 -6.997209012366901
0.537478053334528 1.218614173047889
-1.6705381831946635 0.8201529817511041
-6.69483330237159 5.70334225173503
-7.562927288834077 6.56950474886998
2.712688844932618 -3.6822717471803497
2.3601294784378197 -3.3222661492183754
1.6761902046612391 -2.613526650319688
5.795923347469408 -6.787658715492692
5.41635924470194 -6.407020453899801
-7.233479053613152 6.240704258105271
-6.254434257492262 5.26426269560686
1.8793874432763236 -2.826131527754668
-2.369454155147583 1.4460523557042266
5.374068124106714 -6.364596903136919
-1.4924541811437315 0.6740679999497053
-4.186504400876077 3.209629773646362
-1.011305322098666 0.329158152024985
1.8087572499111069 -2.752482830466991
0.1382044749341062 0.0063674482934049
1.7532498152393163 -2.694422713630017
-6.991172345778688 5.998936588203859
-5.2711619704690005 4.285301574730891
2.732632897551758 -3.70257037930331
0.9542680696038648 -1.8271300110589244
-0.0606650137293254 0.0012267378199091
1.9226492493878489 -2.871125662720942
-5.99335539871708 5.004114779384857
6.971374441843254 -7.965477287657498
4.973895161927091 -5.96301918783284
2.265555722612593 -3.2252356105302384
1.4654121201237214 0.8609962038963725
-6.453338796086424 5.4625361197658275
2.060856180772838 -3.014342390739014
5.98146226538686 -6.973656756111557
-1.893021482856733 1.0120060512760845
-1.5095234949669436 0.6877268722385168
-7.737915419960923 6.744183479842144
2.7532968418986172 -3.7235952833752015
6.585738288482775 -7.579190533219485
6.661046573168667 -7.65463403228525
-0.9557568892448742 0.2954919488956244
5.7819012039747015 -6.773600246333227
-5.6082128816630465 4.6206039989343
5.709930534474845 -6.701439325332418
-5.558976319653883 4.57160217313208
3.2580460547479326 -4.235488520407529
3.766895234047572 -4.749232666436122
4.739771736391733 -5.727925047523138
-1.7272120203517591 0.8681468302623688
-5.044782492313356 4.06030952758068
2.6559163565519963 -3.6244553290453863
-2.073485087443853 1.1733922347637717
-1.2770460293508066 0.5091615685877359
-2.2287669362314606 1.3154012462132996
4.13530336889764 -5.120260479101952
2.4513111490688466 -3.4156126303616907
4.615311364036126 -5.602895207772948
-5.3688041897270224 4.382401462612801
5.03367360341657 -6.0230264729656
-2.428394847113257 1.5012616150664169
0.3181403327260739 0.959617601264079
2.467894972096463 -3.4325704474653307
4.087645334522742 -5.072297424381663
3.645867492092514 -4.627195012355942
-5.555025375616193 4.5676703503970355
-4.539210615072269 3.5586648824479434
-2.508562913068797 1.5767468848663075
-6.850358534369439 5.858464003646874
-5.869393566167297 4.8806414516327195
-5.758645633018368 4.770358333320985
1.508253407314852 1.4913662998968473
2.424374425822977 -3.3880558391248132
-5.062192868706822 4.077606203947215
2.0369810279253233 -2.989654660428587
1.088297648386515 1.5619397370890498
5.683012723365266 -6.674448682740442
3.8181484041576734 -4.800889183078797
-3.6393242138904185 2.6705118531308925
3.8850589572185736 -4.868306009922115
-0.9911121559721678 0.3167465535680586
-2.9580664852892316 2.0064623980492646
0.9931611192957134 -1.8716029107800964
-5.289679581638927 4.303713901822406
-5.933976638127886 4.944966000432575
5.419332072461316 -6.410002486651646
-5.4775571088809105 4.490585846854832
3.5286237156601032 -4.508888834464434
-1.9409630064960055 1.0544403198063494
1.5440629488884365 -2.4739075094684067
-5.921542476391101 4.932580921559024
-3.7134025820318968 2.743278338422554
-4.504537911466768 3.5243135465568454
-6.186258971391046 5.196318600851044
-6.52233384460299 5.531326280522534
-7.369648826293699 6.376595247957845
5.270694825109743 -6.260887861752502
-6.368168630179818 5.377628594248044
-0.610952835064202 0.1233960030920423
0.3830568354873574 0.0490133071593433
-4.496229332419359 3.516083136486399
-4.938442369182107 3.954691549606979
-0.3093706112216718 0.0318685190150954
-6.1387175642960745 5.14894322914722
-6.656363896251994 5.664977258283272
1.1501136247762886 -2.047746947062395
4.768693065880129 -5.75697312892527
6.583728351705663 -7.5771769294646925
-4.325317337552773 3.3468854303668736
-2.345916748701221 1.4240787899646232
3.531549467281094 -4.511842178864076
-1.9200309113090377 1.0358707212774707
-0.0919126019510781 0.0028158944904586
-5.122487873997299 4.137516817138972
0.0984626583771355 0.5418729879843833
-4.794076622164836 3.8113882548306823
-4.376810482478003 3.3978398897304736
-4.177846924510565 3.20107483377396
-1.824283437608244 0.951789862319927
1.8628340386851825 -2.8088924941671713
5.801656427185124 -6.793406578970371
-6.4140211465695955 5.423338348839724
1.1494828145263352 0.4706737367692563
1.2864761763750128 -2.197358655945928
-0.1841143828577163 0.0112967585858502
6.587498500290744 -7.580953953882645
6.658352568127828 -7.651935262458787
0.1852996986637123 0.0114480250639301
1.9787691565431211 -2.9293715542644874
2.0237126468607993 -2.9759256104543717
-7.882465463651759 6.888494030636568
4.671820394312254 -5.6596677389592465
6.008185098450056 -7.000442565330035
-0.4221941640792064 0.0592517342137984
5.2493635726162715 -6.239485121030804
3.594975298271459 -4.575852362361561
3.8409047329733625 -4.823820218977845
-5.814831675450858 4.8263050696621566
-0.2405660647814205 0.019280745651688
4.667512347634814 -5.6553398986872
2.9689194915257424 -3.9426299049526654
6.676159172693971 -7.669773263154168
-7.942707169959921 6.948639941909294
2.8165126521510313 -3.7878763551536174
6.839215897432741 -7.833107111302048
-3.3769985977139267 2.41357036943173
1.9613703949999888 -2.911327739685723
-4.080932002481841 3.1053546795158367
1.8357783661528355 -2.780687845514416
-3.227579512850811 2.2678376074450384
-1.6680679584799964 0.8180762547367911
0.8378849485734623 1.4520869194358883
-2.9653427318416696 2.0134892459643177
1.894075709430764 -2.8414174619457793
-2.781227131782316 1.8362953602602792
-5.374335118101287 4.387902597416856
3.9200372961689904 -4.903540263868513
1.7839160342377856 -2.7265198236163477
-3.600563552700745 2.6324712146430667
0.4265757284332476 -1.160438692662292
5.567299328611611 -6.558411335006934
4.1898853079837775 -5.1751807976182675
-5.090353765456008 4.105585782254283
-7.579186713660203 6.585734475876406
-6.449576580275103 5.4587852752960115
-5.926415134134849 4.937434306160535
0.0196718480397848 0.0001289939048033
1.284071997908427 0.6079412433802907
5.600112657063553 -6.591318361230698
3.9934196477913666 -4.9774409571748945
-4.412600426985312 3.4332669925008683
-1.773708642889492 0.9079957472115746
-4.356261018229976 3.3775030034208244
-2.6621151057682706 1.7224337101459113
-0.4967621603075028 0.0818890729085379
-3.9332674208924594 2.959690854748313
1.2818605051604806 -2.192337032536231
-1.5332322371089546 0.706827050251702
5.150875567866757 -6.140656754932502
-7.869399150230726 6.875448799442765
-0.7288018690821829 0.1746156120479784
-4.603194872287412 3.6220759503060664
1.0481780636897806 0.3842706920629671
-0.4315242727360893 0.0618879643988704
-2.5299831274357025 1.596986921351171
-7.518272842705614 6.524932905176483
0.0213094713137973 0.252764972587283
4.223792319852487 -5.209292340880596
-5.6566922845155005 4.668858543125416
-3.378604155474253 2.415139005721879
-4.6538669035439995 3.6723115228369614
-3.9571295971561646 2.9832138415860023
-5.936596491862991 4.947575553845324
-1.6205049171481036 0.7783496646039095
0.3702727386497316 1.0303138989799043
4.103620232898164 -5.088375582501512
-2.682895802938983 1.742249039028301
2.567092556043951 -3.5338886610568228
4.945975437405295 -5.934990061216753
-1.4676090769749486 0.6543294199168534
-0.3865374694054591 0.0496978859735587
-5.272637895118553 4.286769065027373
2.868268552024956 -3.8404628078614698
0.205837048944332 0.7786597593374676
6.232339383643934 -7.225096475223624
1.1878742513699247 0.5068966607102254
1.5701913979940976 1.120415872865619
-2.3818040798408138 1.4575989465875785
6.193895099385097 -7.1865699861078
4.633162171300471 -5.620830165459375
3.2307289653391127 -4.207853627335794
-1.430735388932943 0.6253570577567752
-2.7615068945490115 1.817398653482189
-3.835325841643917 2.8632111600101506
6.116379609393814 -7.108884451926622
4.145136681304104 -5.130155603090126
-1.6517593150191114 0.8043984635380035
6.773311335245177 -7.767092746693718
0.3465790073342596 0.9990328764011456
6.077868189867335 -7.0702863505925535
-0.4787806060125881 0.0761034193718338
4.576204067261793 -5.56360053912653
-6.915549141648185 5.9234939179132695
0.9279098745079538 -1.7967710291231793
3.774219385561461 -4.756615309722706
-0.0206623650278903 0.0001423110630194
0.1032703687562186 -0.5583757979331319
-4.526444842849539 3.546016531051646
-5.177197105389336 4.191889407716379
-6.253886374409962 5.263716638857162
-2.1277083231807463 1.2226872635854131
3.5011306437949923 -4.481133648101902
-0.5037406601125571 0.084190014802209
5.720543402600494 -6.712080654776265
-2.851984918676793 1.9042355319593645
2.3479723284082734 -3.309805779477224
2.841390846926137 -3.813158304662065
-6.36426291675434 5.373735191357022
-1.5274347647998727 0.7021429277209661
5.9818381080336245 -6.974033489780104
6.052753576200693 -7.045114399859141
4.066219096506629 -5.050731047846095
0.9877895489232102 1.5271734927187628
-4.929343597024234 3.945656858243488
4.549583223836393 -5.536849729363589
-6.07577941444314 5.086231224153097
-6.269427800161109 5.279206453424345
5.464881110774906 -6.45569088570547
2.6114828858035537 -3.5791673840196596
-6.5094567127917475 5.518486869837078
6.070760135371772 -7.06316213367077
6.528184871625017 -7.521530888107053
-7.3352541581089135 6.342269463044989
1.6838081006109764 -2.621539986170638
-0.1995487499869739 0.013269331735132
1.127262482540866 0.4506333036236401
-0.6865269841071502 0.1552882530108215
-7.122310352862179 6.129775704974097
-4.151993289997991 3.1755313998386314
4.3581508349131415 -5.344421054803931
0.9776604257109636 0.3309674336388364
0.3915189766899747 1.0572569645127707
6.429212126322934 -7.422369348429795
0.7358791859953389 0.1832955701476799
0.5967230439677014 -1.3937783811333926
4.261249926182037 -5.246971011034785
0.4153691448409838 1.0863420316501537
-0.1370523685648894 0.006260520450364
-1.6012040071186586 0.7623743502398483
6.659784555317595 -7.653369783008937
-2.226618415396125 1.3134195736604197
-5.933068770489134 4.944061705550895
-0.2492568235883663 0.020697796903661
-6.260689398649134 5.270497021364276
-1.0460707573528634 0.3509776336418808
-6.031613431587701 5.042228400760309
-4.707364116197562 3.7253638887564176
-3.3758242369787776 2.412423048482517
-3.3931941765505673 2.4293959685862987
0.3573192686268989 1.0133798303380044
-3.56449638023982 2.597095918486568
-1.6174594214100289 0.7758231973161652
0.9655097397125072 1.5177286810564417
4.829202327759489 -5.817741127241311
-0.8657917447655468 0.2442547109056539
-1.8706978426543888 0.9923663963492014
-5.410279578134679 4.4236557698984385
3.4587918853500543 -4.438381011463104
5.320246117570811 -6.310602268123501
-1.3978513625645537 0.5998583314275465
1.3468193496447647 1.5790087187025255
-6.144848735322743 5.155052759652391
-4.664820371722897 3.6831726000711447
-7.781200702500638 6.787395579114362
-7.812850048673288 6.818992218947565
-2.0059989425149443 1.1125297399276641
-4.5050199148969785 3.5247910290970115
2.8854930660099622 -3.857955826738403
-4.990275868892363 4.006166991928626
2.970852844753537 -3.944591171163572
-3.36658998476908 2.403402425775756
5.637532114056528 -6.6288428807069195
-7.396583561871142 6.4034767420978795
0.9611269382004668 -1.8350001852974611
-3.3794969063389217 2.416011250142936
-7.033560903743002 6.041226613334212
-1.3259530097581163 0.5452904507272541
6.224523441871041 -7.217263932700932
1.3437912069634343 0.6798798399160919
-1.3612976582754754 0.5719066763646736
6.880880205737512 -7.874839347516517
4.3610624481538185 -5.34734867863855
-7.989632630396087 6.995492347698627
-0.8290157501290576 0.2245372585323057
-5.8932924714610415 4.9044436483409966
-4.907054414279715 3.9235262395399566
1.557714364624685 -2.488392455403062
6.92423721720653 -7.918265854962586
1.3203936967450431 0.6506997086168046
3.2972791284080056 -4.275166684773235
-7.386292020167668 6.393205471460494
5.693118118360948 -6.68458152881273
4.9024953065818515 -5.891336260234959
2.3074909220255044 -3.2682884059062056
-7.79024400722251 6.79642375518209
-3.5131494751435586 2.546772147075982
-7.855299685143167 6.861372207180335
5.999807478217425 -6.992045283932285
6.272509368391935 -7.265350891473262
3.6605509652028583 -4.642005521785556
-1.9910923556925528 1.0991645103643635
6.960543342282442 -7.954629259169257
-6.961835411468556 5.96966895684244
-1.8673549599393908 0.9894322087882944
-0.2203898791210435 0.0161841548095484
-2.086360461427155 1.1850668769499126
0.9112782537715436 0.2853041273562578
-2.033937886375668 1.1376575519439043
-1.7656736593272644 0.9010804029584026
-5.290222983794905 4.304254231948453
0.4745668478406788 1.1537164758480274
-2.382610521038453 1.4583533353726363
-5.488456591089511 4.501430299860567
3.494579816070525 -4.474519603113938
5.769269763697782 -6.760935878704084
-1.425283101649633 0.6211067754847632
-7.576019149334816 6.582572681398327
-1.9663492986013296 1.0770458023682568
6.093263541555199 -7.085716532969627
2.0702343635268488 -3.0240341292198023
6.897298897901111 -7.891284498343378
-5.328183126023859 4.342002212695358
3.018750790283205 -3.993166855874173
2.3032229985101846 -3.2639088463272774
-1.4718354107780716 0.6576749716136487
1.6415434668819913 -2.57703388087783
-3.6737847927917784 2.7043519473351636
4.995108961709269 -5.984315030463345
-2.4038445159973545 1.4782343287621802
4.216996332116917 -5.202455699634916
6.293470459962677 -7.286355457754592
6.7387090393885565 -7.7324316159785536
-4.345938993543259 3.367288950008558
6.2647523401636445 -7.257577674016924
6.5053597758844806 -7.498662949180805
-5.392185596405769 4.405657576979169
-5.819829300179361 4.8312817608879755
-4.067951595505141 3.092541099174105
3.3124064233144903 -4.290462119115277
3.08726005431096 -4.062601301820223
4.397522096172395 -5.384006481937901
-1.077490118278547 0.3711751442481404
6.101355893286348 -7.093827097237096
6.960447686992687 -7.954533454047586
2.2219901077341344 -3.1804583686330883
-5.488023447409228 4.5009993364543455
-0.7746918654588857 0.1967709813229862
3.9464834658080257 -4.930176083116673
-6.964919790358138 5.972746006218023
-6.340580868831967 5.350128300310749
2.9173781822758897 -3.890327946605941
2.833844730392558 -3.8054906160160487
5.221648322313056 -6.211675820671491
-7.038843429452873 6.046496990419903
-6.394097398913269 5.40347623736318
2.4851860367416396 -3.4502453175308543
-0.0758642328397538 0.0019184295854449
-6.657821515268102 5.666430886389505
-6.624280182618046 5.632982090715016
6.923406671651012 -7.917433989393072
-0.3006917829379994 0.030108259924646
-6.754953572449638 5.763303079099913
3.7915958323677046 -4.774129380634404
-6.848396107446479 5.856506488870903
-4.099891910853216 3.1240738746179635
-7.561784507971578 6.568364062846516
-4.037613551544283 3.062599530373041
3.5576588497774306 -4.538195281272262
5.720449540751394 -6.711986541835323
0.3244731613985206 -1.0037202398748268
-7.837525685676648 6.843627225857041
-4.089151895088028 3.113469784197155
-7.773171681075832 6.779380035889225
6.756196077521169 -7.749948491083387
5.5759666040574505 -6.5671035039319925
-5.407462661350785 4.420853699320458
-1.2413748615446814 0.4833485671567332
5.678211148748948 -6.66963401855989
-7.803734857994582 6.8098921391889125
4.639801660797758 -5.6275007374567085
6.436483184260762 -7.429654546885547
1.1651764383955143 1.5791825860386914
0.0900998317955874 0.5185450368255992
-0.7158989264286344 0.1686053633237801
-0.4268241151858003 0.0605528810355913
-6.613430900089806 5.622163057202741
-2.759167581645457 1.8151581842073072
-6.927254068464281 5.935170495361602
2.396817785962286 -3.3598482391055526
-7.716626587611215 6.722931114950808
4.84580117393325 -5.834409462087003
0.2732220986766904 0.892646205540294
-5.333219080712082 4.347010378472367
-0.2452315213610241 0.0200352347053989
-2.244371364940383 1.3298068809169294
2.798427534331829 -3.769492336662277
-2.2177737617844855 1.3052663946409093
-4.745721143113977 3.763411632728983
-1.0244331774545756 0.337331063430987
-7.488254469967333 6.494970933340059
-4.754892486322401 3.7725101862951265
-6.823493166563118 5.8316662694623105
-4.469714566023278 3.4898208902404275
-7.3730731983508 6.380012817166294
-1.51265633801159 0.6902422604026602
-2.8018145001901846 1.8560411717476015
0.2264180733740524 -0.8325836820812172
-7.695425948079197 6.701767107226982
-1.7204816421787967 0.8624132250435603
-5.4063522786167795 4.41974917542709
5.919637602112301 -6.911683429861164
-1.8146012841563175 0.9433710304141032
-3.872556858792573 2.8998728701360124
3.761190301798526 -4.743481973341096
-7.067113615452836 6.074702646252404
-4.3150942731319635 3.3367717212351917
4.984086072951216 -5.973249627083325
0.6802729375770991 -1.5002205842339689
2.082879270697285 -3.037096897262758
-3.6240620290888663 2.655530335249909
5.306577362924003 -6.296888924992842
-1.0338179793504683 0.3432232579022306
0.9811786549075184 0.3335059016981694
-0.5122081641230309 0.0870235148938985
5.139229539964067 -6.128969327144429
-3.810184332879656 2.8384639374295597
6.2312617542925 -7.224016560401971
-0.6653558214133319 0.146006772378367
3.684056998959539 -4.665712263544641
-0.244131672708404 0.0198560689381753
-6.995612307223908 6.00336614070227
6.013233761430213 -7.005503040965838
-1.0272456258443796 0.339092527600011
2.425103868975631 -3.388802282751987
2.3328294000926437 -3.2942801156185366
-1.5555587309347363 0.724946350493162
0.1271946569906372 0.0053932380328912
-1.5629791793740129 0.7309963009027144
5.576927013352675 -6.568066665235518
4.065097676227651 -5.04960224053914
-5.438230172731746 4.451460366527678
3.7851132018048834 -4.767595594324761
5.523331877319727 -6.514315982195113
-3.5086760229771006 2.5423900285417815
-5.762767802962095 4.774462695592856
-4.609123578426159 3.627952808763276
-4.63144164947191 3.650077573131043
-4.220632189954625 3.2433597624399995
4.980867037894788 -5.9700181292966
-7.4628566522414115 6.469621393097642
5.733928112795336 -6.7255010571622975
-7.760398031804555 6.766627919891044
-2.141084699132458 1.2348983806310903
2.6830086700336047 -3.652052323288883
-0.083283357905481 0.0023119897719225
-3.646970682639852 2.6780190719006027
5.651903498202117 -6.643254117973928
6.517858809653919 -7.511185494774385
2.8880895505391937 -3.8605924531765834
-2.019536858923347 1.124693019218252
-3.6106539192971656 2.6423718349281247
5.723683851958045 -6.715229498811267
3.8751614066297866 -4.858334973086784
0.336513513157616 0.985325201171058
5.7257819507118 -6.717333199030335
-5.329346278715564 4.343158939633266
3.7724044960486705 -4.754785953097828
4.558803260712734 -5.546115004697715
3.0169197717316862 -3.9913104081981983
-5.393107737724264 4.406574811982123
-5.796209334656563 4.80776123424677
-6.288197474009225 5.297914330789765
-4.958413362161865 3.974523188206786
3.910610039163611 -4.8940446088281
-4.168613428452101 3.1919514326337395
-5.175722501762133 4.190423730824632
-2.6781552052389657 1.7377267431884127
3.9902940951152974 -4.974293824010632
-2.2578855809051284 1.3423010770808261
5.723798976377857 -6.715344930731849
-6.242696704700039 5.252564379829675
4.827400895209703 -5.81593211527314
-7.267158648816578 6.274313368535042
-3.817355272423407 2.845521592898011
1.4594061826037077 1.5332926601454853
-1.266335070131582 0.5013618888781738
4.043855686359258 -5.0282193293326065
-3.3448064748704827 2.382130054150509
-5.214051949569994 4.228523725153868
-2.26548422603301 1.3493334832029937
2.67704676743824 -3.6459803950321064
6.7285804890589915 -7.722285686494973
-5.597732524021044 4.6101730613293554
-0.2980443541476987 0.0295811959156717
5.393609116201768 -6.384199431656212
-5.043963384609697 4.059495799637975
1.8968023904435665 -2.8442540026280025
1.696085223191366 -2.634446706786981
1.8343906894630513 -2.7792402680427744
6.264350136886177 -7.2571746298343776
3.1727773038498004 -4.149205381570666
1.729548998367287 -2.6695796846151154
5.741297558741138 -6.732890058925793
-1.7063945008045955 0.8504415789766312
2.960470846877998 -3.9340587646515286
2.88213631823994 -3.8545470544868454
-5.151656937369667 4.166504992174387
3.260414568989086 -4.2378842804676795
-2.0226415464558336 1.1274857867209331
2.837714080186382 -3.8094223998491095
-0.4123359674660225 0.0565276308512456
6.3075733197092365 -7.300487346226155
-2.1756993306977694 1.266585858679081
-5.280488751451294 4.29457518159816
4.898201702533074 -5.88702528481641
-2.0401103194165184 1.1432222908559904
-5.352376303090974 4.366062641964376
-4.145880861251696 3.1694931972661404
-1.4960611271412265 0.6769477203586565
5.011613337792346 -6.000882599490446
-5.93067447231102 4.941676837998636
2.1866413584030777 -3.1440865655639336
5.632157419522235 -6.62345321123099
3.1033747467053114 -4.078926401760368
3.173150484588284 -4.149583148122598
-3.7311382708037666 2.760711866652593
3.2966988898992664 -4.274579958892026
-4.256035601117308 3.2783610234254277
-7.75113322787228 6.757378803958165
0.4395504372617278 1.114658562902967
-5.7809962089697216 4.792612834992524
0.6589943864224921 -1.4735004486281111
-6.783253543468442 5.791529532460635
3.7457806848561943 -4.727947866902816
-0.6884753757471103 0.1561558542681981
6.076077731744579 -7.06849182613362
-2.762424250218915 1.8182773151397071
-2.253908083841596 1.3386220589140665
2.1141340040074414 -3.069360835905098
2.6208279368790386 -3.588694973000694
-3.979213342913848 3.0049893175200406
1.096959126366789 1.5643077318486935
5.517430051190695 -6.508396778787585
0.8097769677001274 1.4350266361632136
-4.183018532171738 3.206185110534161
-4.625489462883621 3.644176654142513
-1.7429216059995785 0.8815642870756036
5.218694589402979 -6.208711985765223
1.2147656840883307 1.5854514893999834
6.410162231569572 -7.403282197953915
-6.415958097894594 5.425269340160538
-0.807070774357733 0.2131229407836768
-7.605696579297485 6.612196348344441
1.7060515410714938 -2.644917242787305
2.7996682122673278 -3.7707536671395734
3.6201585173420914 -4.601260477159412
0.7425534952084476 -1.5771083235887278
-5.130159109725501 4.14514016610131
-4.613239900808262 3.632033256371886
-1.9973910140862436 1.1048082942675779
5.119124822192983 -6.108792549172132
-2.8417192990859164 1.8943658408960595
-7.096208954272511 6.103732414222912
-6.223280188110461 5.233213283052644
-4.980493281043007 3.9964510823510606
-5.465042936320684 4.478135283332839
6.784884660714365 -7.778685566678553
0.9930975060859346 -1.8715304705166005
2.982254749677505 -3.9561568021764977
-2.049989290259548 1.152138493481897
4.848670192288363 -5.8372904275009105
4.119462776538784 -5.104319512681698
2.681836095628732 -3.6508581548917984
-3.4746040607798445 2.509025653135483
3.774530552007576 -4.756928954810534
-7.676114966994698 6.682489769879558
5.450783731326371 -6.441550708009781
2.827166860270486 -3.7987045137276145
0.529394629965001 1.210632148854402
4.047444866540873 -5.031832454003489
-7.853861289725072 6.859936152446229
-0.4415626022405074 0.0647872267875082
-7.78655578019224 6.7927416915686525
-6.243627131198416 5.2534916875506426
2.999924796583585 -3.974077608735097
4.880855123466574 -5.8696081117049275
-6.2417326264408945 5.251603534694757
4.883995199416823 -5.872761015761775
-6.4657672266943464 5.4749271334098815
0.3836793465118582 -1.0966055284416505
-5.475152271319191 4.488193197387378
-7.080685460223288 6.088243799254346
-6.184226443280098 5.194293088961716
-5.680909482868707 4.6929656768246115
-2.92269111891712 1.9723261551270637
-4.059627482279291 3.0843248483998846
2.1581649002990435 -3.114758644124971
-3.742325902087991 2.771711179181579
-3.269515345489408 2.308686668481529
-7.196783890858498 6.204087075569035
-2.275675245436256 1.3587731968960497
6.374691094120234 -7.367740877816982
-6.9760738181644 5.983873613419856
-2.803738688234372 1.857887635846596
-6.4541812001798124 5.463375980545213
6.7053911759123945 -7.69905631202932
4.2988363363100515 -5.284774239505061
-7.60360656754427 6.610110101243939
-6.168158784881136 5.17828115251286
2.3159794792949455 -3.2769976103012293
1.48557777894397 0.8982883354516592
2.265522882466195 -3.2252018768181485
3.9326627654375983 -4.916256679280116
-6.994793364747592 6.00254911657238
6.270434338400502 -7.2632715361609534
-4.3913916624263045 3.412272122670797
-7.978476305713474 6.984353269311099
-0.9721516975905864 0.3052718120417273
-7.616333044950849 6.622813705233814
-4.783158171660519 3.8005542951111257
4.504420643307627 -5.4914620478758485
-3.254368082233203 2.2939270210567666
2.210564497329516 -3.1687060920973646
3.691215606271944 -4.672931354051224
6.400578321456283 -7.393679429996741
-0.8247190312409511 0.2222815175847444
5.54154757799385 -6.532585003551551
-1.4285842168184004 0.6236790763073149
-6.320993634905699 5.330603900065443
0.7275646121290151 -1.5587721730549313
2.1459702772767795 -3.1021916842820234
-4.259807855664683 3.2820910453744823
-6.127311821912402 5.137577926217368
-3.6445977316101743 2.6756892378540797
5.257433875880157 -6.247582561736286
2.6786832061006507 -3.6476470914005983
-3.746452753655389 2.775769005163004
4.948193980920239 -5.937217357858259
-0.3145639577597965 0.0329456012360146
5.885053617216224 -6.87701443379154
2.346241631147871 -3.3080316240544874
0.8251372828365611 -1.6764606223303422
-2.730378368132511 1.787605877142458
3.8899223729097674 -4.873205360199806
-2.0660140142912233 1.1666268794457535
-5.680753421250209 4.692810319754111
1.3440112297538658 -2.259733950430177