6.2164772879163319 -0.1330205932919405
-2.6099304117272304 0.8739759059153255
-4.6466350116474491 -0.1311292080049228
-5.5920594373284196 0.9822780626400380
-3.4877174589643793 -0.6382705734075363
4.3853960147288387 0.6083547251850884
3.6483854569831617 0.8487334402706703
-0.8425198675665317 -0.9934813163686516
7.9568400353806616 -0.2042689012148135
-1.8643087967781309 0.5538864659859655
-6.4673781587957127 -0.3601099084216523
-4.7140739966612912 0.0033700261742294
-1.6857705072538565 0.2279272439923584
6.7366528997767094 0.7876190176378504
-3.1149229533565226 0.0533141114838724
-2.7198244392157864 0.7469988934055305
1.3103996417026398 0.4975684832570370
-3.9281145515817837 -0.9999974744421852
-3.1918744036503472 -0.1003940857346216
-5.5547899504294485 0.9935083957400520
-5.4714840130951714 0.9986166097112958
-1.5451651020027626 -0.0512400009589077
-7.4671231485355563 -0.6987988766823886
7.5117518590398120 0.6322543842640052
-2.5683992408567580 0.9112820489791587
-1.4238229603167181 -0.2897319208769488
3.5137918038361917 0.6775293857265576
0.6793628349610170 0.9775971693966236
7.0012547879522025 0.9909473883560548
2.2586113284431413 -0.9810154280521476
-5.3469639082880338 0.9548486290040920
-3.8643835387143017 -0.9921708946117134
1.6011516446551273 -0.0606733482385970
-4.9245519797265072 0.4117066468305648
3.8238271927713061 0.9787899380539568
-5.7582540987472779 0.8673547599996093
-0.0810947047117931 -0.1614792677580268
-6.7486676872038753 -0.8021963340774569
6.3776980977150117 0.1879019219527015
1.9364099722130543 -0.6677836782558355
-7.6242404602357059 -0.4434842036695638
1.4890857314715795 0.1626947604008820
1.4778834837868171 0.1847580674492923
-7.9034285813915055 0.0987327765523670
6.3122305253031783 0.0580577707414158
0.5271852525404697 0.8695895710150904
-0.9336009458693724 -0.9563925435793280
3.5616829148536446 0.7447635999133160
-4.0676820152094031 -0.9606724870686046
-6.7567018098229035 -0.8116860764010501
5.0935262215557362 -0.6905682884089017
-7.1825642033146373 -0.9741291116415616
-2.4611229723324630 0.9780607219309896
0.7539689348645613 0.9980250575964804
-1.4553979743375205 -0.2287531759022775
3.9569823224734098 0.9982015585213154
-7.5611087851134027 -0.5528209259466008
0.5243978205020401 0.8668233424810465
-0.0914167438638493 -0.1818165600424031
5.3588130417626925 -0.9616204403595570
-0.7788741456057071 -0.9999148755914278
4.8008863707182847 -0.1760721033520810
-5.8614515317602791 0.7469530998582045
5.5171958282213289 -0.9992467005323644
-6.3542146630305414 -0.1415813867507894
6.5898876741921146 0.5756548178058875
-6.2250665961751253 0.1159758487988037
-1.5610321204821176 -0.0195271714269002
-5.2946766055747947 0.9186205850666636
-5.8608514160390932 0.7477505676100836
6.6409895284905183 0.6560767262246527
-3.8366314139423174 -0.9837147510843134
4.0002073598879875 0.9892978198025916
-0.9105002559252409 -0.9688618853220998
-0.8122560261455689 -0.9985576572760496
1.3774645982148499 0.3771003059225020
1.3392378097189344 0.4467389720030487
4.6568527270149680 0.1108442621091993
5.7133790068681876 -0.9084716520860990
4.6297357049663805 0.1645547106401561
-6.0637286006688882 0.4249561224361082
1.6904415534727644 -0.2370133570480063
0.7102836850068801 0.9887368371462641
-5.8006954571468885 0.8220373571150431
2.0661633910764294 -0.8364285621773614
6.6418878240337733 0.6574315435385145
3.7752927603825146 0.9543273617553522
4.0142221099482196 0.9848199648633260
-4.2066550340719377 -0.8476116464305142
2.6454822694278395 -0.8372424291003621
5.5070600586050187 -0.9998280310304892
-6.5925782386405540 -0.5800465725085198
-5.7820397966524890 0.8427066193374018
7.4550762717775569 0.7158290899972924
-1.7704776223318746 0.3888311707409834
-0.0926940228824442 -0.1843279439183914
-0.7090533434160857 -0.9883655671841148
2.5191831881350595 -0.9473381827244072
-5.9393105996011055 0.6347998170238777
0.0994176388065995 0.1975276908141542
-3.1330247720714652 0.0171349244407903
-2.1108644779034922 0.8820220417931744
7.8784382008330489 -0.0488936319817120
3.6245154000210960 0.8225300604330024
-2.3845297146977966 0.9983946598079416
1.6686213240540528 -0.1944041695924415
-0.0864953205617081 -0.1721291184304314
3.3866383840501513 0.4707065851782558
-6.4429893177439013 -0.3141944562316288
6.2087054814613332 -0.1484093852182872
5.5605200892200521 -0.9921394747303124
6.1083376111860037 -0.3426116510964400
6.2262941641514544 -0.1135369329373777
-5.5160757815122601 0.9993311260386518
-0.5555154163772826 -0.8961565813631104
2.8638922654187091 -0.5272838778645837
-5.8935882420467554 0.7027062871944371
-3.5811997608161903 -0.7702379768402077
6.8972987935394787 0.9418947082182816
-1.2278171515695053 -0.6334148857109744
1.5260015479449418 0.0894697605083701
6.7380418085983216 0.7893275638890770
-4.2164974562925313 -0.8370029895698138
-2.5475303969077956 0.9276702917889486
4.5932709629538309 0.2359888511761284
-6.1372920700887690 0.2876636458308631
1.8594839893831647 -0.5458266092096981
6.1648630052830509 -0.2344420706783404
3.7996408112280822 0.9677389228630838
3.8076246371431370 0.9716385157756078
3.0066488609442104 -0.2666230929790100
6.7460686873819569 0.7990819913260846
7.4880968432850370 0.6681872369383064
-7.5712461894248690 -0.5358134642011321
-3.9653801137636773 -0.9970539714375398
1.7159130016373254 -0.2861758232238278
-2.1607707152171169 0.9245864990234978
0.3456353794513607 0.6375167357489170
-5.3956293796297832 0.9792000911219088
-3.6499398001567513 -0.8503732748965510
-5.1806216027492926 0.8054683034063110
5.8057666149510840 -0.8162198014910742
6.2395562916831775 -0.0871473432224715
1.5020166758918840 0.1371258830206395
-4.9392841175773476 0.4383753431339732
-4.0734992596457289 -0.9573768309805656
5.6545815100690149 -0.9512326658239860
-0.6043056647516227 -0.9351248719601974
-2.0417211709986649 0.8086476423879158
-6.7624164728861302 -0.8183087165237815
-1.2932425216707006 -0.5270347551496180
-5.8562016867280100 0.7538927982102374
1.1045024500684040 0.8031643020995120
-2.4912931694606826 0.9637182358705751
0.6646141322708488 0.9709640483167890
-7.6449006662695194 -0.4060814487504552
-1.6213233983866360 0.1008822378426016
3.7932164808057323 0.9644218462018004
-7.2283906991710740 -0.9493566264070304
1.5888673020153483 -0.0361340826077240
6.9534394485574573 0.9736006870473248
2.4248364508891953 -0.9905913533644322
2.7893085788151595 -0.6477048668264461
0.8787558808830944 0.9826192562172092
6.8399249633949424 0.8972403774149933
-5.8288155491272438 0.7887294960723135
2.6640655540802758 -0.8163450450747558
5.0787794500099270 -0.6689393384190336
-6.1893059680026852 0.1866574351021828
3.8334494559501593 0.9825510095454884
-2.4127504892531793 0.9936096556460242
0.0983367534299724 0.1954080528673484
5.6375612941255078 -0.9611801699200390
-3.9140632652835610 -0.9996657754332338
7.6814761211819853 0.3382070531346249
2.8282709229604901 -0.5864292686461359
1.1229614144995868 0.7806278939978935
0.3315600702614638 0.6155787503195995
5.9338283864809309 -0.6432334463163762
-5.8420304603779911 0.7722084456890722
6.3050585856687178 0.0437326049024676
-3.8680380758537307 -0.9930571972843572
-4.2107470920347900 -0.8432406768756783
-1.9662120454593861 0.7109382300901004
0.5666488739791973 0.9058142855382532
5.4175829612074295 -0.9871621410581422
-6.4805074885735685 -0.3844799125554442
-4.0840250032514422 -0.9510845997958506
7.7754308084253090 0.1564562123378935
-6.2412539582848563 0.0837644319616194
7.5422233404087997 0.5838936364970257
-7.7598037057310663 -0.1872440845484738
-7.3279093261284931 -0.8684883286509820
-6.3638328193803542 -0.1605965560834004
-0.0006648589512164 -0.0013297175105761
0.8459768610750888 0.9926694165668294
2.5874561437118313 -0.8949294287142887
-3.5607076889521068 -0.7434605922392822
3.4420868317525493 0.5654579231529181
-2.7381866235662091 0.7220854180433975
-1.5581596716793094 -0.0252706198038526
-5.1042431903941754 0.7059109432767905
4.6061000829056233 0.2109803676043433
0.6327322504343442 0.9537472549952560
1.3150401829501064 0.4894965289208804
-4.1517340864775125 -0.9006703214915039
5.2984770964688757 -0.9215974773815646
-3.1157979845179256 0.0515664573637448
0.4138875494869190 0.7364280141301657
-0.5752962530640513 -0.9130058113392840
-2.3974241438394301 0.9966021572882264
-7.3925932299988002 -0.7972807967967830
1.3964957108985718 0.3415835077496152
-0.3073080706433498 -0.5766449541820101
-1.4275805136025124 -0.2825310396447280
0.6414253238057182 0.9588292907020896
3.8164330898264716 0.9756534170804820
-5.1197857090691254 0.7275839220156297
-7.7477771011885501 -0.2108154332636429
4.6120552394565095 0.1993234631484463
-1.0982392628827036 -0.8105637780696704
5.2420284698622410 -0.8720027685599430
-5.9645597215305184 0.5949883640774619
-3.7221921646245004 -0.9172812665432716
-2.3095879235208603 0.9956588005296060
-3.7779254865822072 -0.9558872471303150
5.3601121359030444 -0.9623300929693054
4.3222051256437091 0.7035407812980041
6.9269102254683848 0.9601252371391789
-5.2534715082050951 0.8829761911484761
4.8633750877578201 -0.2974037594193136
-4.3661667669871580 -0.6384205330444904
-4.0843106827580549 -0.9509079343105780
4.5961800083137661 0.2303311257673704
5.6381588269163814 -0.9608497393260048
-4.0848308498930788 -0.9505854634736522
-6.9637181234679755 -0.9780870187136476
6.0752642281685691 -0.4039604598677130
-0.9870539134300689 -0.9197663873059472
6.8953227229613940 0.9405597989033416
-0.5037077172175568 -0.8454543888346880
4.6259908812910453 0.1719375744197508
-4.3081457860260155 -0.7232427124834312
2.8621414306248010 -0.5302559698721097
-5.3053266640586880 0.9268281141799994
-0.1240112867815615 -0.2454875237642276
-0.1029774412295197 -0.2045019551168405
1.7066730440016116 -0.2684209348421388
-0.1837234677418298 -0.3592339641580450
5.5170385673891378 -0.9992588569451438
6.8015112429898181 0.8607045062449069
-7.7448376300934019 -0.2165585752323938
-4.0109905053955472 -0.9859212644160694
-3.3594728399053775 -0.4220998386377018
-0.8000639965327423 -0.9995698575175258
6.0822979774707289 -0.3910522977979306
5.6255686244317449 -0.9675211379545648
-7.2709521474570113 -0.9192058530092622
-1.9342434484878748 0.6645520921778778
6.9529222786076978 0.9733640699529994
-0.3084604109284221 -0.5785263332493147
-4.0443356107777682 -0.9725865718321178
-4.3527566908444246 -0.6588316000486337
-7.0175720749692694 -0.9948001876367624
-5.7933434426919046 0.8303211588670665
-3.2012060285007422 -0.1189444821220158
7.1546503142109330 0.9852215414630447
-3.8089867415593393 -0.9722791063010364
2.5293635137535020 -0.9406220872142250
-6.8249891230795150 -0.8836524430539296
1.4207432604065549 0.2956215975110128
-5.5884723528042208 0.9835974236555322
-5.3406048736040663 0.9509930627952288
4.3150487571991896 0.7136397899526039
2.0278242401069573 -0.7919864856639840
0.0835153118691689 0.1662550355006043
-7.9341155626316802 0.1595826369445608
7.6385799927593716 0.4176008240715006
2.5119738208310078 -0.9518569301830538
-5.3582573145324943 0.9613148820549480
-2.0591376670704804 0.8286449825082871
-3.4671831858284570 -0.6061262097216588
6.8508967271688377 0.9067125878230544
2.1484078661635095 -0.9148850423031150
-2.7323137335909244 0.7301611976023691
-5.8767031732222605 0.7263278473474951
4.7242742266715609 -0.0237682541050536
-4.2140235522866707 -0.8397001654956765
-6.2005550585328848 0.1645092847263196
-0.7626416279402548 -0.9989644589615482
-3.9062524959540728 -0.9991399673857470
0.0574145142972053 0.1145768446148190
-7.9570066339717407 0.2045950615278705
5.5093725589962421 -0.9997315683187548
-4.2896227275123522 -0.7483244468309137
-4.3482367193192815 -0.6656052503945877
7.0006962690092873 0.9907968069342576
0.2903276844306824 0.5485720106366577
-5.7532637466151773 0.8722787779101845
-5.7328654310564264 0.8914973668012678
-4.8767557737456197 0.3228446882790990
-1.6980389970398555 0.2517473581320035
7.4294051581970475 0.7507210979911364
-4.7666119063288175 0.1082334138883097
0.7073278956461042 0.9878348122151446
-2.3449477819298181 0.9997470337725536
5.0354851868543733 -0.6021508677836520
-1.6159680288504958 0.0902205581548385
1.8500290695383388 -0.5298854477657758
7.6869943155628064 0.3278006336594976
-3.9691630422663646 -0.9964451150301036
-5.2822884232470422 0.9085494935246908
-6.6795778829412900 -0.7123108306084601
-4.9854904371093784 0.5194463592998095
4.5298351072401353 0.3570499407735918
2.9020721444062527 -0.4609283514958051
7.3137659175776939 0.8821610713102087
-0.1979123050420437 -0.3855691701652666
6.9405493335171240 0.9673932763446746
7.9940270090210994 -0.2764428632966481
-0.4343071797508511 -0.7634347057776855
-4.6892965447978341 -0.0461684538772482
2.7044115235789139 -0.7671345568566807
3.7519840261039352 0.9393680556027458
3.2317999040506677 0.1794373621520382
-1.5631674805973308 -0.0152571004107356
-7.9250748107250590 0.1417077416118556
-1.1490175472822628 -0.7470129411812633
-5.4695408260303040 0.9984047154029482
6.9306408822071681 0.9621844535790226
-1.5519979800265364 -0.0375878369370893
-1.9410972068471235 0.6747321704334073
-1.7276328255449815 0.3085544896428604
-5.0571576793472968 0.6361803341182913
6.0858269901663160 -0.3845466275424532
2.1534477166925292 -0.9189078184552404
0.4705246875390632 0.8081765645097443
-6.5870652386578996 -0.5710299003637090
-7.0316932247774400 -0.9972794539871654
1.2644895742264737 0.5750076555084522
-4.1363313643547102 -0.9136259434007578
-3.1117808605460162 0.0595882656696017
-0.9564346661673877 -0.9420613197604180
-7.0972333914720078 -0.9983588131776930
-0.2799031081004184 -0.5310220036340436
-4.4895081755359403 -0.4311451924268860
-1.6038813262097289 0.0661217221878083
-3.5218282627478370 -0.6892629246159663
-7.7943098464878666 -0.1190604771087330
-3.6105227448515915 -0.8062942138144732
3.6465634590926381 0.8468007883618575
6.0595564314986561 -0.4324946519122132
-4.7986770112156574 0.1717207120368780
0.0800695647637308 0.1594555575372728
-0.0869754894137902 -0.1730750429964585
1.9798351530273894 -0.7298330133334068
-0.8026498145072480 -0.9994048201171928
2.0096929708665137 -0.7693309944701441
-3.2612374330325089 -0.2370124880642940
-7.6443894951372666 -0.4070154904458418
2.1247011481664053 -0.8947225702485267
-1.6914591976049209 0.2389901603383596
-2.0579449901614826 0.8273073660715003
-6.0983433691257112 0.3613206829516324
-4.4826481894483639 -0.4434835174713966
-4.6581174537690000 -0.1083300437115896
7.7973454659583066 0.1130302656237180
4.9792471949918120 -0.5087364040562111
2.6227104968806181 -0.8612703230754353
0.8688513059949479 0.9861034514654214
-6.2733696522422875 0.0196300489526159
2.4638737851113550 -0.9768998271756748
-3.6522807882839725 -0.8528275072633926
2.8856574070339978 -0.4898088545172345
-4.6196437832222728 -0.1844285377493668
-0.3764166988970530 -0.6837091867315195
0.9003364016993434 0.9736945481351548
-3.1466677499432603 -0.0101500184181759
7.4631430678925188 0.7044707255196390
0.5458766772599013 0.8874364519853897
3.5831554679792319 0.7727266087241275
0.2969837558666146 0.5596534022823538
-2.5014187527261242 0.9581155223886862
4.3014171682782134 0.7324704295338595
-0.2567213997202344 -0.4911790321024451
-0.3592970458687041 -0.6583270507706824
6.0389119420431054 -0.4693431240107461
6.2950267740848087 0.0236807199865335
-2.2574803661769902 0.9805742644873487
-5.0283417028801711 0.5906833394691837
2.9612336537695843 -0.3529461159974066
-5.9174981508761864 0.6678931074867708
2.5614550709464847 -0.9169129584381446
-3.5213033851426623 -0.6885019854667394
1.8727554587221871 -0.5678720134144105
5.6846088073275602 -0.9310036774493942
3.5703438326115595 0.7562106456037485
-2.0945903787843889 0.8662206141226021
-1.0790750986945934 -0.8324099715230574
2.0637031768623881 -0.8337216793088810
5.1873752930808923 -0.8133995811382828
-0.3164503008931643 -0.5914860423095013
-3.8104046633544826 -0.9729382822060766
0.5375402200566057 0.8796284155435091
2.7192521356180421 -0.7477593677077351
-0.6799688519031903 -0.9778515657654256
3.3104980510167170 0.3314224112860515
3.6999151284518828 0.8986336424836445
2.9858990691950389 -0.3063793899225734
-6.3623903828810988 -0.1577484640162902
7.8124139513847268 0.0830396334084131
7.3311003863564626 0.8653069843104639
7.4353515619882398 0.7428115752664994
4.6659821787745006 0.0926804055623538
-2.8330126890112712 0.5787213478562943
6.7658835708080325 0.8222746410888836
0.6102344238723241 0.9392603706307164
-7.6954162638608352 -0.3118416664956976
-0.1391148549705559 -0.2746538695251947
-0.3233342725622528 -0.6025309350345831
-5.6387852986223255 0.9605018321971734
-6.7944264965369481 -0.8534045876820285
5.6459756965301988 -0.9564008557530156
3.7989784983694435 0.9674043277297716
5.8530045289451049 -0.7580784063435897
2.2955787578918123 -0.9926604617459686
-6.0472244920318197 0.4545987127798279
-2.3244668959013612 0.9979873949800632
0.8927657440841656 0.9770328625837776
6.0718429676350247 -0.4102103314332323
-3.7158522188569822 -0.9121580230695376
-3.5960473934342154 -0.7888339681643917
-0.6168183281495452 -0.9436980746610876
2.0180059904970129 -0.7798457280202430
4.3005558156791341 0.7336421577853020
2.6237852959289594 -0.8601760221059788
5.0732733439647308 -0.6607133790825456
5.6099941553842338 -0.9749246748557290
6.7342910835457435 0.7846997161189662
-3.1277156709638820 0.0277504023230217
3.0290490753457888 -0.2231913209151555
-3.2104988941773218 -0.1373766663659084
-2.6421217379856952 0.8408987827699806
-4.2850101474409783 -0.7544118698495301
5.3413803476629873 -0.9514714909291858
5.2669451375712732 -0.8953036131957819
-4.4280569379820349 -0.5385068592310315
6.8010184008727030 0.8602022715786903
-4.8702362964755430 0.3104768501921645
0.3611273806538851 0.6610781368659991
4.9809095687756386 -0.5115959364604654
6.0509456183402488 -0.4479573972363589
-7.8536062752890885 -0.0007507173002747
6.9461203696663745 0.9701552225458488
1.3202055336602143 0.4804621431942681
-3.0562645888792535 0.1698289837661426
-3.3479212043829545 -0.4010448011823668
-2.7188100695583817 0.7483461124216179
4.6467257757805758 0.1309492450237536
-1.4090437157709115 -0.3178919022469340
-5.0990436403173440 0.6985072184382044
7.8241714257037582 0.0595851017553532
7.8325923213752517 0.0427655788347685
6.6862343361126992 0.7215912845260312
-4.1809382997694851 -0.8737702031632252
-7.0366902106511944 -0.9979663296192036
-0.9205677955202027 -0.9636803484628804
-6.7656146175120284 -0.8219684044150584
3.6414003151055532 0.8412630807010282
5.8669067138495947 -0.7396547397794595
-5.5576590030583315 0.9928392832673864
7.2940733758633431 0.9000204863643000
-7.4365140329132071 -0.7412530192820419
-6.9678373793208994 -0.9797690359379608
-3.4120650220063027 -0.5149460710755746
1.7214716295433981 -0.2968102194483992
-3.5422059782045441 -0.7182101657419848
-5.4115640114007917 0.9851679535310705
3.3342193346284947 0.3757939402672147
-7.3787666508801326 -0.8136655336542397
2.5946121428495896 -0.8884518686895554
-6.3478795902422895 -0.1290278438949463
0.1697370301151366 0.3329912138686048
3.3191514489195946 0.3477006213014608
2.9286106669956631 -0.4131988069460912
-1.8401883467072633 0.5130926722214121
4.9677178958446966 -0.4887512595366234
-7.5857568471201215 -0.5110875261242100
-7.2396489438085290 -0.9420418824347320
4.5105359067070481 0.3928292478308090
1.2425225881340456 0.6103857371509434
1.0443204181406500 0.8688881832681742
-4.2355199187483148 -0.8155842196685990
-0.7980951218436569 -0.9996775918184264
6.5783633330249689 0.5566568454745278
-5.8014223306243444 0.8212086764587321
2.6455505962413230 -0.8371676947221887
7.0297294444847847 0.9969822483396404
-7.2763185695033155 -0.9149266403024646
-5.1104249443394316 0.7146138494514774
1.5132067204483750 0.1149247155045923
3.8331434412779384 0.9824369921633272
-1.7362550724322716 0.3249108774807032
2.7787410670473403 -0.6636616033231255
4.1964961289188487 0.8582169353715112
4.8005527211831680 -0.1754151901607978
-4.6601880817020174 -0.1042122420407494
1.9558048105500419 -0.6961474196838230
-6.5981905759352415 -0.5891532725085679
4.6298099682177956 0.1644082070424435
7.2588153381251868 0.9284925268882966
0.6039577037813384 0.9348780676414344
-0.3768081909247485 -0.6842803632953895
-4.5851073005414111 -0.2518228637971738
0.5351528141627586 0.8773472028674879
4.5246878003029316 0.3666468986262442
-4.1701697468469376 -0.8840410881767238
4.7360996285598773 -0.0474035250100393
-7.8924828427825293 0.0769263441724025
6.3532336302848016 0.1396388146159283
1.9321990189355134 -0.6614911784433971
1.8300672670572968 -0.4956142260338698
6.0914546492707604 -0.3741326426443854
-6.7812393772794106 -0.8393618365992856
-4.0174756667649021 -0.9836696253550378
1.6947496048429080 -0.2453750548087174
-5.7858111803056804 0.8386218630304870
6.0261415632654618 -0.4917404913826714
-7.3618360538538123 -0.8328799897615203
2.4198280047776688 -0.9919124765542032
5.9755297181071310 -0.5772126563933372
7.7587418565570587 0.1893297981210352
1.1277157502581865 0.7746498112902372
-1.4081615192566801 -0.3195642751712964
2.3552136964599182 -0.9999980760879258
-7.6015040301831629 -0.4837682386583062
-1.6328460897426123 0.1237812346535412
5.1864147912438359 -0.8122806228735800
-6.5867272203543639 -0.5704747916855785
-3.5260886566667935 -0.6954112355583265
1.1983167437362585 0.6779417933972985
6.2063693155682547 -0.1530283389035951
1.9443688291671855 -0.6795470165959488
0.5940331353076722 0.9276485423521484
-0.8991184255387221 -0.9742467081022920
5.2407805142763788 -0.8707783028593928
-6.6491523717486416 -0.6683096502985644
-5.9540267314413544 0.6117865471736764
3.3113208700666501 0.3329745925302328
2.7311022832322571 -0.7318145601071698
-2.5470014575420485 0.9280647849343998
2.9901579222960919 -0.2982602885847712
-1.4906021855973837 -0.1597015175689755
7.1291417666209203 0.9926743472723099
1.5342342437852725 0.0730590158699764
-3.3863819535127142 -0.4702540311931028
1.6147688463971779 -0.0878317170456397
-0.1346324439168196 -0.2660228849716538
-1.1048180977231361 -0.8027880431094769
-5.6733635110852862 0.9389768186480546
-3.0438295369698558 0.1942827680031618
-0.4675600584286013 -0.8046703999105210
-6.1291242013425418 0.3032698188026862
-2.9734420564595556 0.3299977524809947
-7.5950395456311970 -0.4950428749682187
4.5058532955792110 0.4014242604790901
6.1976236694856706 -0.1702893252127776
-2.1216758441198600 0.8920038721567790
-7.5023418533606527 -0.6467225650783620
-4.9253850243755917 0.4132244092620916
-5.3136217841973554 0.9329296840701944
5.3702571786449305 -0.9676481768142772
3.5880230285840913 0.7788691557858188
-7.9859111679953099 0.2608079930443993
-7.6624842629093521 -0.3736999130697314
-7.4756510100307541 -0.6864975620529739
3.2408514507739508 0.1972162568222428
-0.2828275576564252 -0.5359690040029775
7.4904990299742504 0.6646051182407107
3.2605901453845032 0.2357546013593119
-0.4562731934995075 -0.7910640125942394
-2.7766370426554303 0.6668034771848859
-7.0715364504746017 -0.9999825598701422
0.6639510377955808 0.9706459364041234
-3.9865618324654726 -0.9929109798006560
-0.4351867263254068 -0.7645696959040030
-6.8652491235615170 -0.9184436210790740
-1.9003798609303022 0.6124586297714509
-7.5373687801360116 -0.5917481488799766
4.7740079412538687 -0.1229262107968140
6.3222318290169088 0.0780136924981400
-5.0547957397390419 0.6325285858526295
3.1182869172613241 -0.0465945962478365
5.9985514667023985 -0.5390153639704870
-2.9217176472500039 0.4257132753151621
6.5949044311962854 0.5838300366623641
6.8638760124477383 0.9173538856645118
-7.9193872547653665 0.1304384961135926
6.3488549249315653 0.1309619608624226
-0.7590264484608333 -0.9986093877225936
-1.5918984457535288 0.0421917100178111
1.5683397337218654 0.0049131663791935
-4.9851113904407445 0.5187984170209464
4.0812096983589328 0.9528089815337716
-7.5636847236402858 -0.5485205489496258
-6.2536632182388576 0.0590098770784772
-6.4998830856793912 -0.4199548382941994
-2.0886363431375798 0.8602093319479329
2.3352423086992449 -0.9991221406509422
2.1053913277631047 -0.8768113168571808
5.1584373739962217 -0.7783897814513254
-3.2531089451433388 -0.2211881051836015
-2.8697818381791347 0.5172389173046841
-3.2995705189373687 -0.3107250348769814
-5.7394676495767278 0.8854378706212127
4.6706815004187341 0.0833182592597905
0.7503588529689615 0.9975454982036378
-2.3835690401915244 0.9985016423535376
-7.6380592607095927 -0.4185469035663784
5.6616502496713412 -0.9467767025429494
-2.9250914407431861 0.4195980214979846
-4.5198133506725622 -0.3756993194480072
2.7433943746056677 -0.7148408967367383
2.0562924527480799 -0.8254462267075768
1.8570067906626200 -0.5416686468027496
6.1632397470880953 -0.2375968659174192
-5.6175839373352421 0.9714345000429936
-0.5552366931030353 -0.8959090819400088
5.1635819582343228 -0.7848078124121804
3.1219767278508943 -0.0392217883789034
-7.2549581469419149 -0.9313296147823495
7.2585100189525473 0.9287191149778288
-5.5754480054713103 0.9879618119554768
-7.2493207432753692 -0.9353763620645110
4.2955460144958355 0.7404138986908785
1.6862645094018625 -0.2288891308011800
1.5647045483582076 0.0121832554563307
1.7487567417462433 -0.3484536306730852
-1.7099019294284439 0.2746360764354096
2.3411168264279638 -0.9995453625641934
0.8777662423145731 0.9829847492690394
4.3915492593548695 0.5985416718784731
-5.8095449297200279 0.8118307605442598
2.7944942020749846 -0.6397684114834469
-5.7388243623830277 0.8860350830682018
1.6036242896625730 -0.0656087653949688
4.6878578345785833 0.0490426109381849
-5.9738839983494376 0.5798972942384084
3.8935394842964293 0.9977628513194366
7.0068295176893631 0.9923825891229074
-3.9793082817216021 -0.9945307584852138
-0.4561112288657281 -0.7908658127488001
3.9970404461185094 0.9902021405276472
-2.0700244925210516 0.8406359348876264
4.1704177411713488 0.8838091497926200
6.6564343220250723 0.6790722328313571
-2.1311889712794301 0.9004423012240170
7.3253601730413909 0.8710043099312708
-3.3049191959411051 -0.3208748957770772
-2.7747267607827872 0.6696458161813648
2.0502379590931969 -0.8185505875551013
-3.2639905436446917 -0.2423581983939630
-7.2357133288317037 -0.9446534332214194
-1.1909707665287730 -0.6886685227873610
-2.4662707709630141 0.9758641445260536
6.7805619985090413 0.8386246568092731
-4.6067316667772236 -0.2097454653984600
-1.7784435121449178 0.4034592963445884
-6.3485702713644052 -0.1303975357536016
7.8043974304127559 0.0990059438464849
-1.0521407425244558 -0.8610399704211151
6.8795618634666766 0.9293886690803196
2.4483659830355968 -0.9830568939760216
0.8473549929174347 0.9923325210078728
-4.0182371360814315 -0.9833943808692291
1.3339078109297713 0.4562505286595980
-3.4949880357830949 -0.6493966565807968
0.1215158045351910 0.2406462466110512
4.1956840597619287 0.8590494524081117
-5.5582232715563986 0.9927038385509284
-2.2397355217278196 0.9729970268462730
0.1018608941556849 0.2023155467547105
-0.0263888952212863 -0.0527532918081888
2.8885824019944550 -0.4847003065875048
-6.8447098059507088 -0.9014246509888520
5.7206834552979231 -0.9022691910686768
-4.3859618723824205 -0.6074561326810410
-7.9853452905708000 0.2597152406488462
4.6084055042610910 0.2064710868507580
6.8972403687410129 0.9418554510434378
-2.3335022980811626 0.9989703055946784
0.4684037730012225 0.8056711172484903
-4.2582914734847730 -0.7883946515917984
-2.6757584820984039 0.8026162169487974
1.8321299152287480 -0.4991929949808361
5.2879044826899229 -0.9131846075002468
-7.4205716156177246 -0.7622745512275245
0.2769349989023286 0.5259825746161397
-4.5322987149056182 -0.3524431858839142
6.8676780061313369 0.9203542751688903
-1.7101076978055758 0.2750317656111136
3.7044748584088083 0.9025969259446974
0.2800830668421437 0.5313269482028837
4.6658940527961139 0.0928558974741423
-4.1617725508056935 -0.8917659027605703
6.7435698730103244 0.7960673401296277
3.4886252255804067 0.6396671401756154
-2.9109147959704469 0.4451624906387456
0.0503452087661334 0.1005203611185234
-3.3459022814490229 -0.3973426390899300
-7.0366612970487754 -0.9979626418552658
-5.2090442162684329 0.8378378164818027
2.7146728455868967 -0.7538089428386455
6.3546643550645676 0.1424716535983932
6.8494198588931194 0.9054628986420988
-5.2737150604410488 0.9012527747973442
6.9264692484260522 0.9598782956270596
-5.0698367441062313 0.6555385265977904
-0.6080610120084540 -0.9377596483015525
-4.7926220735207092 0.1597784210921836
2.8963163537193761 -0.4711133931986584
-5.6922880805086322 0.9252880752209633
-4.4774710707339125 -0.4527399009716152
-7.5311793474967548 -0.6016814427208621
-6.5429567988950055 -0.4964834782231721
1.8079884738624266 -0.4567908177821364
-3.5185230232118094 -0.6844585329249000
-6.6529297038335731 -0.6739103134689164
-4.7175091373851448 0.0102401350284144
1.3304464152722861 0.4623998019000689
6.9238570081821997 0.9584001694815703
4.8264104195777531 -0.2260715045914556
3.9739824764224672 0.9955868177421670
3.2839437438704522 0.2808716329359706
-1.7088279869284015 0.2725701494691308
7.1628622449126738 0.9822756331756470
-7.5574265377915975 -0.5589427131823310
7.7046214187285393 0.2942975456261374
5.0170096846020584 -0.5722455172558146
1.8788469679887960 -0.5778576704412502
-5.3618369442790801 0.9632622601771510
-4.4164864817315905 -0.5578599614696409
-4.4864413823832194 -0.4366712756915106
7.0923873640954316 0.9988669633334150
-3.1817642453531718 -0.0802567751815305
0.8120970476037552 0.9985746778835516
-2.1734147700631521 0.9339239231916144
1.9948395233430656 -0.7500160820536225
-4.9400303028727635 0.4397161852154336
-6.6565789929082371 -0.6792846019345933
1.7519462018501049 -0.3544256286389788
-5.5496244114174136 0.9946306073231393
-0.0922716614291339 -0.1834976298448078
-4.9873483117609680 0.5226178852037496
7.7667149556487161 0.1736486025642884
-7.7199338736627627 -0.2648954722796606
-7.2316515540954516 -0.9472873267263024
1.4255942731305957 0.2863394351185890
-3.4731648405967359 -0.6155978479564028
4.2766906755808858 0.7652287622651530
-4.7170146506261936 0.0092512085173623
0.1712322229603718 0.3358094449633484
3.2354650649964398 0.1866438230540260
-4.7495482641719260 0.0742501731334862
3.2942155346140876 0.3005275855193036
-7.0038957505515871 -0.9916426646112300
-1.1471115420766118 -0.7495417681889739
-5.6965729899924806 0.9220039049871170
7.6743629011656740 0.3515604774213826
-5.2677533095148412 0.8960224541561881
-6.7466618483521810 -0.7997946717874286
-0.6268492873855571 -0.9501443692420236
-1.7666012561217279 0.3816768946773014
4.5445148113182423 0.3294758159987364
-7.4097573783930031 -0.7760942869341081
-3.1934128495167347 -0.1034549521860812
-7.0079162699568620 -0.9926480078727460
-3.2007069580442966 -0.1179533680180179
5.6152300308781751 -0.9725409316662678
5.5359095401173608 -0.9970947736095624
-2.1956775342346511 0.9489096766713078
-5.5014316554246747 0.9999734351873906
1.7577616108922562 -0.3652772053797349
7.3030668636021367 0.8920357406514189
4.3671850211857581 0.6368517346929676
2.3722722801473459 -0.9994830538853476
2.1237183388057517 -0.8938429531140478
-6.1183560450610486 0.3237199589775004
-2.5601737389297110 0.9179326730445297
-7.9729611931624831 0.2357197469406800
2.4845255707567908 -0.9672426866485542
-3.7223298176970108 -0.9173908696923554
-1.5268794081847599 -0.0877209442778390
-5.7107317190233324 0.9106717576519689
-6.2793254983590128 0.0077195409694946
4.9541194570800986 -0.4648462518600517
6.9387921228825018 0.9664971748859952
-2.1681184175307315 0.9300850052283506
0.2403413725652435 0.4623846593316495
-2.8594182405125466 0.5348657285277638
-7.9557550736902751 0.2021442518290870
-1.9578552805013185 0.6990856177099880
-4.7626612815340419 0.1003752833707932
-6.4643950296237307 -0.3545375507962336
0.9986015929533210 0.9104577543089054
-6.6293667545742316 -0.6383577767370471
-5.4582273406214199 0.9968716763779232
1.1912476202331170 0.6882669371091035
6.3571857704048629 0.1474612090824333
-1.8947058655308542 0.6034487707611667
-3.4273485202907601 -0.5409041614538097
-4.4307197333697808 -0.5340117886200459
-7.4051441867051579 -0.7818794848207953
-6.6203394759123189 -0.6243571815476907
-2.3809205306325261 0.9987774950159416
-5.6449521180871045 0.9569967381599820
-4.9766127935793563 0.5041933336823103
3.0689361247223843 -0.1448021951024471
-4.4065857104847979 -0.5741835174197863
2.5639790008325267 -0.9148867487060302
-1.5282158058786326 -0.0850581421199281
7.0071114784734370 0.9924519031608202
-0.0151361605938352 -0.0302676977392423
0.6587153471171412 0.9680742647976764
7.3968528155015623 0.7921096825306975
-7.0677667501051946 -0.9999986659356384
-1.1759192634585869 -0.7101801941578917
1.3296931486496497 0.4637350768092666
-1.7266064571204556 0.3066012639516522
-7.6271353032449376 -0.4382876073284828
0.9812886578929021 0.9242304819642548
3.6803267559432378 0.8807616745581618
-6.5415980831090437 -0.4941227919302958
-4.8222304499382123 0.2179201932002850
-5.6300966067515787 0.9651922376332428
-0.6435325831546361 -0.9600176237403254
6.6821633792256687 0.7159306254448708
5.1610935272728433 -0.7817137491388101
-0.4612318141836909 -0.7970917198132441
2.8983075500591546 -0.4675969069999302
-1.8074564290028778 0.4558439726559668
2.4076034862406441 -0.9947188851703284
-2.8871361034619998 0.4872283729330538
1.9834028250114031 -0.7346922957964688
2.9745108629514228 -0.3279791324977545
-0.1613755230744633 -0.3171767574043064
1.4613004287606604 0.2172456086898852
-0.3883876351116236 -0.7009832624622052
-6.9658843776326691 -0.9789798493351254
-3.6828442112681543 -0.8831348319293412
-6.3864505972491727 -0.2050654521717680
2.5943412622303068 -0.8887003903418969
-0.8505952975540598 -0.9915107060134561
4.3494505964257399 0.6637914479756363
6.6760187958817845 0.7072968358433381
-0.4245496665724424 -0.7506856755566197
-3.5482016533592855 -0.7265022259977347
-2.1848707383626014 0.9418684542512162
1.5488110452271435 0.0439563956476461
3.7388857898603369 0.9300637311494924
6.8741175634778227 0.9253146439768039
-5.3831426901673858 0.9738282619919126
-0.9634742065437933 -0.9372454125423290
0.8344485454742170 0.9951919778299764
1.0005262782146236 0.9088589051843275
-2.6193140836754676 0.8647021807703338
3.0651191842515875 -0.1523513270944186
6.6057358839697198 0.6012792672405743
4.6110456331093275 0.2013017501315588
3.0040818302500014 -0.2715677702023670
-0.1125786380177995 -0.2232596711244468
0.8677924814146092 0.9864530503361544
7.3875273286820704 0.8033554138246359
-3.9961149181498907 -0.9904589280067564
-4.3908735408987933 -0.5996237498218460
-6.2609275993670739 0.0445007149588086
-6.8139815084626765 -0.8731328571379702
2.4460076574739968 -0.9839105212652910
5.4968020183914064 -0.9999980590565568
-6.0392173616350018 0.4688036557874500
-4.0594092485728428 -0.9651352150862746
-7.1263045965935650 -0.9933439402121588
-5.7305970990226047 0.8935434118871248
5.9586714234572913 -0.6044121412501789
-5.8169911917955570 0.8030454189600436
6.0298882866687240 -0.4852018890773737
-2.0822421798834565 0.8536178777482163
0.1793494472924522 0.3510562350152686
-3.9407340308449346 -0.9996222719278686
-1.6748009803942860 0.2065125289823700
0.6145459653093504 0.9421849023439381
3.6378341300574100 0.8373857712286737
-2.7651670089675715 0.6837222429899280
-6.5050579269694531 -0.4293249815987448
-2.9926622944523213 0.2934757980999994
0.2683755571429050 0.5113466856567688
7.3458901542048025 0.8501041102754590
1.9056278562351778 -0.6207218500419580
-7.9362530465192336 0.1638013481177711
-2.1176656280884387 0.8883497631595528
0.6527426142158728 0.9650109746361460
4.4812570830148495 0.4459754465985814
6.7575313439670630 0.8126540105792986
-1.0344894889333176 -0.8784523956788984
-4.9866882957353003 0.5214920143941302
-1.8289915329473718 0.4937444382606784
7.0341418645864024 0.9976284894904858
-7.9645082303083115 0.2192573098971271
-7.4751450769400645 -0.6872329708701020
-3.3375604474723062 -0.3819779444776002
-0.2413807285202498 -0.4642268101219313
-0.2549449902476759 -0.4880812250101658
-2.5522448636535522 0.9241083399270138
5.8714203536496452 -0.7335494470588907
-6.7737809376067428 -0.8311603402096139
0.2357275674231865 0.4541831575307326
-4.2672273349645007 -0.7772751900577037
5.0793793737512960 -0.6698307237217367
-2.5143344602600575 0.9503990536667541
4.7772247016189588 -0.1293083505004594
-7.6039841663576695 -0.4794210938474051
-3.3566933588461296 -0.4170538692301860
-5.1444186438113704 0.7604847686490679
4.1340549399035300 0.9154674552284500
-3.2489584460892686 -0.2130851854985754
3.9343578281969886 0.9998914562553520
-2.3230409632367977 0.9978024926125730
6.8983271845548266 0.9425836055302148
-5.2719414081602771 0.8997100828875226
-4.9547469924360339 0.4659571142914873
-0.6146109301926330 -0.9422284330026660
-0.5560283483432684 -0.8966113245007973
-5.0875404955493462 0.6818604526422793
-6.0388550151101494 0.4694436557393523
7.7902532043785282 0.1271120446138238
7.7650062879391815 0.1770130002243269
5.9092482037944940 -0.6800818017899133
-1.2467011210064918 -0.6037448316219841
-2.5352957727666610 0.9365285014868732
7.4630780349748811 0.7045630315820484
-1.1635092666106601 -0.7274334352346449
5.6984851056362764 -0.9205164984919993
6.5396125802620908 0.4906665440482493
3.2177237594734862 0.1516745577512216
1.5759777142915343 -0.0103625895228693
-2.5341216720600475 0.9373491780410480
-1.1435577695365300 -0.7542276858643050
-4.3422999241086195 -0.6744194314515384
0.3341752697388465 0.6196922599641118
-6.2356616502635855 0.0949042690172254
-2.5253934415417945 0.9432877341786891
1.3065347108114267 0.5042586245230063
1.3311135256163613 0.4612163751670202
1.5528841625645757 0.0358166662329090
-5.4451768234363431 0.9944694138153710
5.6677375861110804 -0.9427877145847802
7.4128856402086267 0.7721336535185078
2.5226383374142962 -0.9451026631598218
-3.0667931475557104 0.1490416352004480
-3.7022040187781098 -0.9006324913490820
1.3211864522828147 0.4787406580882785
6.0565899709018947 -0.4378363470357159
5.3653815386384416 -0.9651419294578008
-7.2368857955687957 -0.9438815345344912
6.3965252551479832 0.2247435992125910
-5.7987446420788480 0.8242528138176588
4.7117877799804724 0.0012024005187029
1.8681365841110047 -0.5602441445696974
7.4028609049984215 0.7847182532985264
3.0383559045178785 -0.2050095829339782
-3.2307997529453996 -0.1774691683750796
3.6840721139998394 0.8842842332998604
7.3457306206787738 0.8502720923883117
0.1626186787257282 0.3195337088214830
-4.4862388167927634 -0.4370357044209832
-3.5668689484045153 -0.7516449902600330
7.5407510843908323 0.5862815455216241
-3.9575841362431632 -0.9981286815640136
-1.3659867060944197 -0.3982600974585948
5.6220020764466749 -0.9692996847444448
-7.0938268007853917 -0.9987258192413970
-1.7283521206432617 0.3099225664764766
-5.6719056800609469 0.9399757567449172
-6.4224097842257883 -0.2748646756369088
-5.2226654261639673 0.8523972563110490
-4.8842514277212192 0.3369964323144214
-3.0030803380373836 0.2734949350630035
6.3495249392304860 0.1322903303415652
5.4409343790870377 -0.9935424881954956
-2.2654572035966964 0.9835786310563766
-3.2915215171136989 -0.2953842851282568
-5.6468349400802875 0.9558975472637602
5.5614644358755712 -0.9919013599410990
-0.2477512985594235 -0.4754738609931561
6.7406948722022655 0.7925742520511984
-5.2176937006246131 0.8471558247870336
3.5344988491252902 0.7073996237107866
0.8209170588352475 0.9974778770314247
4.7395287976839811 -0.0542529847026186
4.6408761036409540 0.1425386208054428
