1.7940228745845603 -3.825828738453091
-1.8491423379917735 -0.3767129452764709
-0.9447910469575458 -0.0990667826823495
-1.919454469178004 -0.4055073742150896
1.2762452281111711 -3.294734574503495
-3.2398968068788445 -1.1183560482220076
-0.1253784959992137 -0.0017466360843872
-2.0676491080142725 -0.4694592107599234
3.1793549427926564 -1.1806609157255408
1.6653144546122514 -0.3101315704297094
1.0067061614761394 3.0648401505742493
0.50281996732972 -2.113106374052053
-2.8606173808106234 -0.8825377106072747
-1.2719279544615851 -0.1792524936759427
1.3787586541562051 -3.41183583646363
1.8286375545729925 -3.856439822562291
-1.4623001147399455 -0.2365850945058494
-3.732294975332638 -1.4559085123596205
3.1786045619920573 -1.1800560147906594
2.006900235871175 -0.4526513002840832
1.9536326320092403 -0.4285519674118698
0.0055296768083597 -3.3974806236e-06
3.729689773997859 -1.689215977767059
0.147892618302345 -0.0024302581779689
-0.6467684333054136 -0.0464615926992235
-1.6752787287774664 -0.3098665622347998
3.1096344669052494 -1.125347475858702
-3.2507356667065777 -1.1254209650727571
2.454740779066092 -0.6840139757270046
-0.8076300492693838 -0.0724217749749345
0.0141060052165001 0.356317168000627
-0.2555481954112144 -0.0072559316996137
2.5846821869588794 -0.7612510706634957
1.3107256718836133 -3.334860057687566
-3.9554894469459825 -1.619185974367956
-1.8066449409299177 -0.3597982957065894
2.3007115678666574 -0.5984947667773547
-3.6492642852549353 -1.3967190641116127
0.624093246918421 2.3913363038612414
-1.9903993868738892 -0.4355745212836999
-1.957983319885768 -0.4217106134241993
3.663273913540442 -1.6200229586408121
-1.6436262540009752 -0.2983717986429479
-2.7850359635124704 -0.838320236810061
-1.8927429527176844 -0.3944500613315423
-2.716061464310596 -0.7988132553882284
1.9499945467500412 -0.4269316729741576
-3.5730521168588494 -1.3431679046554026
0.0925564724580576 0.9131684135605478
0.7828029970082024 -2.6195629406014107
-2.8700831455402627 -0.8881427849428718
-3.635764589798242 -1.3871784791515325
1.2922343007010735 -3.3134366799591786
3.032718958503054 -1.0663572012064857
-3.9710341671459535 -1.6307747147238367
3.420946253067582 -1.3869798530039672
-1.1374540767826469 -0.1434672951346194
-0.8248992734910061 -0.0755484537044848
0.8439476253327598 -2.715542926272299
-0.3078613685946046 -0.0105305365728168
1.6664606565079056 -3.7081120352954065
2.4215603536189363 -0.6650469409415858
-0.1858600500640088 -0.0038381837763728
-0.6405125953837034 -0.0455676293391255
3.3455657052583803 -1.3200373081436405
-0.585938762552602 -0.0381366190837116
-3.937238340847356 -1.6056146824333968
0.5468857274499221 2.2349844293236165
-0.3059124736630458 -0.0103976407740649
0.6786513154287555 -2.445413065990063
-0.301986562899705 -0.0101324932658976
-1.469731132257043 -0.238980352562412
-0.2614003102250128 -0.0075920497917374
1.3666282175805566 -3.39831908095405
2.4195242560108543 -0.6638928870067717
-0.7945459471592402 -0.0700966420659619
-1.435153584787205 -0.227934920771501
-3.205924840268665 -1.096325741652136
0.1702141002121813 1.2393168197373476
0.706753559764306 -0.0555269814788819
2.704482508397338 -0.8367618990903365
1.3225920696845925 3.543477215482073
-2.364496221514795 -0.6105116788249373
-3.6064227922950294 -1.3665230528433403
2.0467779909354586 -0.4711555899546914
-0.5971996764011651 -0.0396159271224515
-3.182644514857592 -1.0813285476122665
0.9355142046657754 -0.0973525653363623
-3.111999382052119 -1.0363223323640391
-0.0457041363850656 -0.0002320964232385
-3.7455278751219425 -1.4654216031143315
3.9891424881905904 -1.98647755325528
-2.0827344314716365 -0.4762144147482988
3.965539331539007 -1.957416056934808
2.302796094499798 -0.599609540096917
-1.821217608982879 -0.3655567634196874
-0.874398067066533 -0.0848747488448498
3.6256742455762407 -1.5819327336688565
2.6670614643706267 -0.812721434714296
-1.4160150972529069 -0.2219310342201333
-0.2087507195740992 -0.0048418132418497
-0.3123846112348172 -0.0108422294755614
3.580501810596778 -1.537154695256058
2.871666511318927 -0.9493834678997682
3.7906501961081145 -1.7550034684458369
-0.7834212407966588 -0.0681494257030817
-3.500013824131371 -1.292565821464613
3.577062260051404 -1.5337879717353273
-2.576498806336489 -0.7214034397880046
0.4868886661409189 -0.0263442360783982
-1.003660300498546 -0.1117714164119184
-0.1237904215010612 -0.0017026698422312
3.946722852183469 -1.9345678956131815
3.435827850798818 -1.4004879319374042
-1.7922921477728133 -0.3541693482799592
2.8664262947610606 -0.9457205670641285
2.1896468722889546 -0.5407519122960177
-1.5795342287624994 -0.2757394908184682
0.0130899570630492 -0.3432245310384628
0.4462770601930082 2.0150934610096307
1.5718535418795598 -0.2760112049586298
3.66335305442588 -1.6201039380989464
2.150655922521575 -0.5212410264874765
-3.776292568220786 -1.4876217247168066
2.412263688351935 -0.6597868523472459
3.995302755981219 -1.9941377296750304
-2.0021416012050164 -0.4406484622932954
1.268581425295218 3.4650271822252057
-3.181318039308011 -1.0804764896836636
-1.98233992688463 -0.432107911119357
3.0532824324421357 -1.081924362314451
-1.8457531910538396 -0.3753504460070994
-0.5041565464552358 -0.0282365742534426
-3.943390165477129 -1.6101848517180424
-2.8704104768326575 -0.8883368773897882
-0.3730040747339692 -0.0154580152450068
-3.4382162551465365 -1.2503152894032232
-2.037140657611947 -0.4559352051438517
2.1647309651796203 -0.5282389765444735
-3.1521803858314383 -1.0618272304245502
1.73860959231689 -0.3383377709744404
-1.4849343365871528 -0.2439174588852639
3.5476277139860386 -1.5052184398061126
-1.1200126731990094 -0.1391138493756768
0.3095182154285734 -0.0106450469907296
0.2806562640960682 -1.5849158279375937
-1.0015012781591208 -0.1112920469043279
-3.6450893237663182 -1.3937660084502772
-1.469331498348537 -0.2388512384159702
-0.7854813441183444 -0.0685079554630817
-2.2941790739851884 -0.5755715872287519
-0.0063068606339787 -4.4196101159e-06
2.2052500013597953 -0.5486695964006326
-1.2458438571635533 -0.1720046937304027
0.7919362797801162 -0.0697323597657901
-3.008961575599068 -0.9720655231538486
1.9397340605795623 -3.9509975272449465
0.5660928691692968 -2.2391557198736955
1.7368011424793481 -3.7739924711095942
-3.696246234405656 -1.4301038838393927
-3.3304558072085255 -1.1779126473846053
-1.6197647675946838 -0.2898449899641162
-2.3945962263859597 -0.6257519799026925
1.2937845460440904 -0.1865439874661616
-0.2859532805943186 -0.0090851840265978
0.0513288847962583 -0.6795299494925603
0.434235243106369 1.9872893072278477
1.3779731784364877 3.6227076912497753
1.0373848146373579 -2.993922976966707
3.3765162022630966 -1.3472283923374806
-2.298160153599542 -0.5775247984851202
1.9480533980617345 -3.9578565302601088
-2.7028902740302776 -0.7913621004821321
-2.078982136581116 -0.4745299387771328
-3.7396935234770385 -1.461224630995204
1.879620449918102 -3.900523317073505
-1.3320218596276936 -0.1965094807741807
3.1669893159826996 -1.1707195507162782
-1.580883003474895 -0.2762068757414413
-2.0520179953594146 -0.4625070844508658
-2.2972280138295442 -0.5770671990086104
3.7002752904473097 -1.6582626875778501
0.4852647438981688 -2.0766211258854734
3.936753661631888 -1.922574592014858
-2.680210780212155 -0.7786024577608894
-1.3973076342833401 -0.2161380624503227
-3.8043867095893447 -1.5079957815141825
0.8323995238725743 2.7747888448449687
3.4176340428272196 -1.3839867002661579
-3.8869020411169513 -1.5683838796612282
3.519842291167812 -1.4786397199421262
0.530221734367391 2.199944014543488
-1.3992446107440912 -0.2167343920263876
2.043248175224875 -0.4695015941056907
3.724697630529176 -1.683927310488454
0.5807922410866757 -0.037490039142816
1.7751894891288034 -0.3528949280726682
-3.0217433355069865 -0.9799457079590694
0.582179509077271 -2.2699534713051595
-2.3085806635787556 -0.5826515812330435
-0.1859273196638318 -0.0038409626026666
0.6855372828333479 -0.0522410375426151
1.697605260060791 -0.322400416874317
-2.8142907629137843 -0.8553213138002707
1.4199290468166446 3.681969058748444
2.4981585826971457 -0.7092931982590315
1.134402196330516 3.2644762542425
3.797597577782912 -1.7626465216018106
3.6731860213684593 -1.6301921099127694
-0.2248761133252453 -0.0056187197267617
3.598791329514155 -1.5551578275130025
-2.5500487072228264 -0.7071215532792762
-1.5915244611200228 -0.2799078510128153
2.3557939430455894 -0.6283411269411193
-0.1389474127524446 -0.0021451458297566
-2.4740113033783544 -0.6667681877713503
0.7482011997919953 -0.0622363585447007
-0.3360640806042179 -0.0125481319015994
-1.8937000963604804 -0.3948437743057896
0.5198720703729522 -2.147890508700512
0.0649492113911734 0.7647883025682304
3.8049216369660974 -1.7707371841407369
-2.116359319784628 -0.4914330370907433
2.7416341582430395 -0.8610448122731479
3.7340837654146304 -1.693883074356342
-2.386641078075451 -0.6217076733038248
-0.1350735524668432 -0.0020272003221688
-2.300181813556147 -0.5785178241726531
1.6586089459993492 -0.307614851895825
-1.3244620454404057 -0.1942957491778832
1.5297409359870748 -3.5729196012665514
-3.698053073751258 -1.4313933878219007
-1.8733693161939453 -0.3865209032616112
2.9317089387797823 -0.9919867693900746
3.456804675107376 -1.419697037332587
-2.9254705840849464 -0.9212364658200874
-0.3164649768961922 -0.0111273031162484
-1.3372820462200279 -0.198057071871362
-0.3753846468138206 -0.0156559344982677
0.4661187532061346 -0.0241440985762398
-1.0365690423508713 -0.1192045857714034
2.854788305355405 -0.9376170390035686
-3.275213502068797 -1.1414396851135165
0.1868335105368555 -0.003878563661052
1.6918812887466652 -3.732200429406801
-1.257250312572178 -0.175156018028885
2.0704357116040546 -0.4823219790526619
2.8027410039213088 -0.9019012856963416
-3.4915590460060173 -1.2867545387759611
-2.9170001536660735 -0.9161428047454874
-3.479634326044155 -1.2785747587539238
3.190169196184881 -1.1894020710479751
-0.3120831499246304 -0.0108213146731229
-0.7558272795641123 -0.0634374568297187
-0.3128147323574008 -0.0108721053954628
3.042014776757843 -1.0733761925438732
-3.72600060923544 -1.4513911416713843
-2.5456743180596018 -0.7047716814722041
-1.594537163024941 -0.2809599639755375
0.9036973157166166 -2.8053882090919
-0.555780428237628 -0.0343132436858287
-2.9215379430381505 -0.9188701291047348
3.8429647705160006 -1.8133225964771116
0.2483789804022978 1.498544658890226
2.2184713879842075 -0.555428119406309
0.3464918329926698 -0.0133403824715146
-3.901462764871923 -1.579123401723471
3.5125157645788185 -1.4716933250103565
2.4619474940800696 -0.6881737053652911
1.1083330775536568 -3.087728209315687
0.0282879110365828 -0.5045258498207073
1.9434185153244588 -0.42401119647825
-3.1930656588987905 -1.0880317731474158
-1.1586894687462053 -0.1488571756990534
3.7879902885703207 -1.7520852778473206
0.5735525339065513 2.2900573285866694
-2.0686778309391407 -0.4699184438791044
-3.0578918170812095 -1.0023719058489156
-3.067782269384617 -1.0085436864377797
2.3912588667287045 -0.6479890810304821
0.2197228425390536 -1.4035482651975029
1.576981060356089 3.8985608348075367
0.8055719620421931 -2.655806122744497
-1.6423825166631385 -0.2979244068319265
1.0666065679778836 -0.1266169682330229
1.1881318915678039 -3.18860115322692
0.1801258532819485 -0.0036050647926908
-1.169094730932656 -0.1515340180461788
2.044241613265184 -0.4699667814753152
0.9077794225709068 -0.0916568568707136
3.2499199051818533 -1.2385027589482072
-1.7311514545419788 -0.3306666967488124
1.4361775684964995 3.704751594791616
-1.8077756471508497 -0.360243540469643
-0.7405671934619518 -0.0609038576444688
-0.4600713780953605 -0.0235152677257792
0.4746292643415284 -2.0541695642200013
-2.320030986483454 -0.5883087362896708
3.997710576485496 -1.997140429110695
-3.834869884670865 -1.5302102161390951
3.0970452394430508 -1.1155485202417292
-1.7787491932527946 -0.3488968745060402
0.212465503199593 1.3853204894929994
-3.1130550390382528 -1.0369892363373205
1.973468639290056 -3.978622429592456
-3.9255280564165607 -1.5969271438805281
-2.5839223708868904 -0.7254343454764645
1.642594100650376 3.9868506753705786
2.736409819153832 -0.8576048685186437
-2.667463242941216 -0.7714699290800993
-3.7308958988669554 -1.454903990548241
-0.3682470541256188 -0.0150662895313749
-0.77012286610496 -0.0658575920342126
-0.3848294144357362 -0.0164535670507239
0.3892778610267848 -1.863287848277594
-1.4224459531430043 -0.2239397101069096
0.8382165153451124 -0.07813065792334
-3.2541038658956154 -1.1276199393448274
2.6240251684318077 -0.7855855563970957
-1.454062729933721 -0.2339436654844446
1.8430333219740067 -3.8690076176235983
2.245249307301635 -0.5692560052488128
-2.01278753007316 -0.4452725025926695
-3.003144348417096 -0.9684877091529244
-1.8598639958686511 -0.3810386950604008
3.6494505786761167 -1.605930844280441
-2.5916468933569554 -0.7296391071922148
-0.0997246343120306 -0.0011049987954589
-1.4473703674389826 -0.2318083178987412
2.614645116169929 -0.7797430494437888
-0.0751134841777441 -0.0006268924694906
1.6320525457233908 3.972745960777316
3.8649692872811334 -1.838395725926858
-1.0916376586782741 -0.1321730647818054
-1.7769415900036982 -0.348196005884492
-1.973391208152815 -0.428274059129148
-1.8844934259932105 -0.3910644017699084
-3.518640004093953 -1.305402420223317
0.0124086089895936 -1.71081752734e-05
3.6277364371292498 -1.5840022536492762
-0.2281343861848572 -0.0057827167258342
-1.9570760990881793 -0.4213256436379062
0.2606991269304988 1.5355230342901942
-1.1047924917550933 -0.1353690150880225
-1.2239711351267832 -0.1660405932427121
-3.4902585107926978 -1.2858614941488342
-2.130426199223895 -0.4978655872176516
0.078321494145146 0.8399199123376261
0.1683570902741254 -0.0031493661539762
0.8442408327049193 2.7952521880296914
-0.8811756721724189 -0.0861937609746782
-0.6645685235826182 -0.0490526356414453
-1.7496991227545724 -0.3377148468971056
-3.0457721128292796 -0.9948299813096464
-2.5473667337986736 -0.7056804194247785
-1.9109242973710536 -0.401960570671417
-3.74722955676362 -1.4666465100255204
3.9779251381901655 -1.9726095869085
-2.5760587119437632 -0.721164782999912
0.1796405519149751 -1.2697241058683622
3.565176170937728 -1.522199310119159
-3.527515740464076 -1.311535755886561
0.4489581215747691 2.021235878354358
-3.1242544191038553 -1.0440749463146917
2.2811419329404723 -0.5880853622005205
-1.3068852480705875 -0.1891963347057954
1.3520868938528787 3.585820546863134
1.5581347915219617 -3.601799006650999
-1.8825713023696933 -0.3902775363890914
-1.302600794422398 -0.1879634140312927
1.3668208114439402 3.60684690051328
1.9106290204044225 -0.409608034307334
-1.3159410437301853 -0.1918153068884749
-2.427464617040523 -0.6425865525867728
-0.3304632815225643 -0.012133397231329
3.1537010934169523 -1.1600999492522586
1.7487051734269174 -3.7849042751273
-1.584585003882978 -0.2774916832537034
-3.8527583823011824 -1.5432980864663373
-1.5493275176080274 -0.265372621788245
0.2040321989793217 -1.3527790276009797
-2.364844063637009 -0.610686831879151
-3.5349300034307207 -1.3166672838374958
1.8670914224669373 -3.8897993811534977
-0.0884462230038414 -0.0008691918821263
2.3729804719235315 -0.637820194334277
3.851510143515167 -1.823020470685376
2.887012970942463 -0.9601613570859642
2.906064789961399 -0.9736474132712302
-2.0223870482621455 -0.4494614244697323
3.6547759468030856 -1.6113474641877366
3.37282777411986 -1.3439666729399107
-2.5090148068572864 -0.6852143648811169
-2.5924826550597704 -0.7300946826832221
-2.212954282107339 -0.5363813355574514
1.5688691414757017 3.8875606869764257
-0.0332291816923958 -0.0001226864955969
1.5240146061100042 -0.2593406331280869
-1.6274450388830441 -0.2925764779672645
-3.584721136696067 -1.351318091252656
3.0676990685020984 -1.0929262960966812
-1.0599014979485668 -0.1246183633411893
0.7446864226902683 -2.557479569397757
0.6618375586679814 2.4645823333515353
-2.440204629511949 -0.6491655257857819
-1.8437134662640509 -0.3745315705897192
0.1551397846375577 -1.1802942338627227
2.640716026021809 -0.7960451867960856
-1.5653711977279015 -0.2708547965625151
-3.8133028480594087 -1.514481808538758
1.810262058847428 -3.840258907147808
3.997602714294094 -1.9970058142320513
-3.0538632230688263 -0.999862405063434
3.3844363232015517 -1.3542519125481645
-2.0333285158314167 -0.4542583149108493
-1.2417471200644599 -0.1708797383796606
3.644277276805739 -1.6006835575854608
-1.22490949735022 -0.1662943313587229
-1.146141241315398 -0.1456603704491208
-2.705210685746346 -0.7926726158963944
3.555326613745951 -1.5126495892269352
-1.4048175148320805 -0.2184545811945674
1.708485500474672 -0.326590201099605
0.7134950331752954 -0.0565921319783824
2.122627311119879 -0.5074566873712049
-3.8935635615302338 -1.573294135577322
-2.4206087815204045 -0.6390585937058868
-1.4264135081084044 -0.225183383861471
1.753273650863786 -3.7890739708303354
-0.3100059864562316 -0.0106777538399714
-2.3309390166160346 -0.593721011448499
-2.9355381630574664 -0.9273057939382132
-1.662275926884786 -0.3051191886562284
-2.766971138869012 -0.827894517892725
1.0894410244102497 3.195253316916985
-1.754125075240066 -0.339407239480427
2.1172429383784914 -0.5048316480254676
3.5440277744745527 -1.5017536856775762
0.4887209560750074 2.110402892577054
-3.012256227321818 -0.9740942497192318
1.3719545130237503 -0.2098887429523082
2.233824136005123 -0.5633332478384868
3.8921851582848177 -1.8698716210510025
-3.7076696441511943 -1.4382634444406277
-3.0578883707210265 -1.0023697579453652
0.9771237899958222 3.0171709877232877
2.200975554857135 -0.5464942891479396
2.2513998488184344 -0.5724585654090631
1.9930771604834252 -0.4463297459927387
-3.5308264454547507 -1.3138262366661173
-3.838502605997323 -1.5328649639045948
0.4279322349674395 -0.0203495210691258
-3.985170800976405 -1.6413374250903856
-0.6876372749722881 -0.0525149341160935
2.9209406611548214 -0.984259613328797
-2.348695361505836 -0.6025792055847441
0.0872008112028517 -0.8854707582567052
0.4899533368851907 -0.0266770023284061
1.1367439845993683 3.2680520380746487
2.178586482433869 -0.5351775478568301
2.2762220242672617 -0.5854843110845301
2.4105021717902346 -0.6587928418608495
0.2812006865395835 1.5952256988890958
0.6038427768752372 -0.0405262583990666
-0.1131291141300839 -0.0014220190050924
-2.212522143426905 -0.5361762185261314
-1.1606782226896017 -0.1493669791748046
0.3867054283810418 -0.0166169948441541
3.980912771562216 -1.9762930978539504
3.2043705481408535 -1.2009481503458836
-3.0196629763745015 -0.9786613601673642
0.8170765548130818 -2.67388894337653
-2.3154692977787397 -0.5860520125832952
-3.424210110610452 -1.2408125174822577
-0.7619359318836132 -0.0644660825361848
-0.4436709771909318 -0.0218689291821185
-2.951113313133095 -0.9367278907514098
-3.379765661412401 -1.2108396797027625
0.6098962532674674 -2.32193041463987
0.5294692741072033 -2.167194942221851
0.9045981179500968 -2.8067147083204613
-3.7690299947584447 -1.4823704996347433
0.8389858181152556 2.7861859751601883
1.3311295018761573 -0.1975216691625589
-0.2190579985793741 -0.0053317460924612
-0.0001275503052236 -1.8076756e-09
0.94439488890227 -0.0992128641250198
2.4853309009568623 -0.7017698847451026
1.7282690606425453 -3.7661297071803426
-1.165458245910334 -0.1505958245131454
-1.3445522448704619 -0.2002058238389101
2.184955674388064 -0.5383837203455256
1.7002083064134386 -3.740021805343426
-3.3625731328597253 -1.1993199053569261
0.4350240554614686 -1.9680919353941837
2.7522156958806647 -0.8680376341571963
-1.2956417089905834 -0.1859692622466438
-2.4841595009987376 -0.6720930935645258
-3.27807821060013 -1.1433201505072754
-3.6873588372296777 -1.4237671244511918
3.033300124214086 -1.0667951439098071
0.2607647495934522 -1.5281621515880173
-2.6332747071421645 -0.7524812320711802
-1.3054860501288488 -0.1887932576917688
-0.0618911460436813 -0.0004256125236552
-3.083708943303483 -1.0185143075088807
0.7800537926453917 2.682798477035283
1.8893145386948744 -0.40038694993162
0.1625721214084006 -0.0029366500487559
-3.7199302804311607 -1.4470392336342264
2.8006682244472305 -0.9004965064470172
-1.1932759349826334 -0.1578457422952408
-3.5083265599492632 -1.2982889171262746
3.8096119508215778 -1.7759364733052652
0.6048519125448149 -2.3125700766909576
3.4486023326515207 -1.4121622834625276
-0.5486790389701 -0.0334422801750485
3.8491345123806577 -1.8203194827576907
0.148776062220481 1.1583727335110177
-2.826138207306994 -0.8622473623311676
3.281987522027353 -1.2654283397810995
3.8927396347816017 -1.870518349489411
0.65215904486955 -2.3987075714481643
-2.477945525035741 -0.6688302963031508
-2.546596300649556 -0.7052666735433946
3.777849381578896 -1.741000313628033
1.2422485839013317 3.426329309693682
0.147176514225622 -0.0024067801184377
-0.6651891416825686 -0.0491442402466665
-1.0857807919797393 -0.1307622994684379
2.59571543869313 -0.7680301930866078
-1.9909410153160427 -0.4358079580623154
3.371489206633301 -1.342784397121901
-2.6578187951476746 -0.7660925236827788
-0.8954555309919545 -0.0890059085574911
2.9657292972050735 -1.0166512367983993
-3.629153961810512 -1.3825151382013032
1.364682793076482 -0.2076578645969997
1.0416009186076494 -2.9996117454955264
3.762287122905221 -1.7241131650140773
-0.2517638302805505 -0.0070426265343274
0.7775519114586977 2.678336380685886
2.030084449338956 -0.4633609211531339
1.7466547665237124 -3.7830296089083615
1.4934993718341483 -3.5354247724326306
1.445757319282528 3.7181409576959057
-0.5019513313271569 -0.0279901613091778
-1.4864837835134397 -0.2444233885172946
2.350859022770827 -0.6256340203032192
-0.4619276079774162 -0.0237053641062619
3.3404031030277794 -1.3155409843823764
-3.235540022490846 -1.1155211387798922
1.666910162807807 -3.7085407659646648
-3.778127970641204 -1.4889498384549462
2.3785039681774283 -0.6408835605710932
0.5094372285617039 2.155521204393696
-1.327747642749296 -0.1952563552624953
2.074230187243728 -0.4841260885926414
3.962795125072652 -1.954066439639648
0.1169415064189448 1.026660236687818
-1.7125450722228601 -0.3236678894677818
-0.9781691565323474 -0.1061767998748939
-0.7939745172117378 -0.0699959561175881
1.3475916774305627 -3.376926607347663
-2.9899621442248723 -0.9604001529453378
0.9691099300341338 -2.8996732096034505
-2.6981472394069064 -0.7886862468133667
0.829989176912334 2.770608325966638
1.7961710912407254 -3.827744704856244
-1.2367234031828787 -0.1695051965654167
-0.1596693988659039 -0.0028326860643219
-3.850405720116428 -1.5415746219584248
3.237499551296718 -1.2281827473267404
2.6752003622399005 -0.8179146661919677
2.990887042980331 -1.0351392973539202
-0.1307470151242347 -0.0018994143947
3.9706430754785824 -1.963661780020045
2.911746161954791 -0.977691876933917
-1.4562430544911722 -0.234641408889903
-3.3246906864379433 -1.1740856584123218
-0.865943435630621 -0.083243544316258
0.3608285304152768 1.80926022607735
-3.8562987029586626 -1.5458928174442799
2.199463178770455 -0.5457257609150431
-3.2488131986570954 -1.124166606738564
-0.5644177476597605 -0.0353876531681714
0.3783656344101018 1.8532455075980985
0.9674028709639302 -0.1041149936577486
3.989921844093036 -1.9874449225994149
-2.2957718061156056 -0.5763526579163469
0.4483957366926346 2.0199488592594435
0.140499830413459 -1.123400923780164
0.3206332971669488 -1.6929942338299402
-3.2364212147332534 -1.1160942932954716
-1.179742419065164 -0.1542975975924583
-0.5062829391196875 -0.0284752011117482
2.991635320530394 -1.0356924677830652
1.3014454871436927 -3.3241357667724016
0.3505251170626104 -1.7692891003981548
3.3813655608113073 -1.3515255852585528
3.309568472656598 -1.2889155707773068
-1.8564567186826608 -0.3796614549905148
-2.969767281639128 -0.9480642086245644
-0.1244990169588611 -0.0017222182437772
3.3215183101993775 -1.2991876934497235
1.2410519430437104 -0.1715867278382318
-1.145187026501283 -0.1454186754799324
-3.675310762886072 -1.4151927359473653
2.4513669908356173 -0.6820715545738117
-3.2676415150536746 -1.1364750367827072
1.7316012856792096 -0.3355853733638672
2.2358349850215244 -0.5643731884147484
-0.6005115324316472 -0.0400563415328251
1.9784262750201185 -3.9826402539810455
0.6229033805362469 -0.043126376618352
-0.5755174055185872 -0.0367926380637833
-2.671962575830662 -0.7739841652421492
2.9198304709564784 -0.9834651225689864
-2.7387494692672067 -0.8117184321883215
-1.8614306308930455 -0.38167273226881
3.7521833694191185 -1.7132284215485043
-1.8597408445931147 -0.3809888753875887
-3.2404474023571943 -1.1187145146554422
-1.9879952800276195 -0.4345390827341795
1.7538839044279237 -3.789630202054296
-0.7637166061345768 -0.0647674788374884
-3.451432198431796 -1.2593068524886972
-3.5099953081750943 -1.299438931590305
2.1938941952145266 -0.5429009374913524
3.7594154694158233 -1.7210132441542854
2.663578521844639 -0.8105050466542121
1.5446660311414604 3.854625095210395
-2.1209186555610833 -0.4935136978119245
1.66049458289341 -0.3083214942128739
-1.4603847139577848 -0.2359696051664192
-3.1621423963481696 -1.0681888137675544
-0.9791670048071524 -0.1063931203849671
3.357109513301448 -1.330131651134921
0.8123915655463376 2.739928618428858
2.7522234451199035 -0.8680427677650365
-0.3807461495605615 -0.0161062951940696
0.0744500950268003 -0.0006158688652348
2.7649518765374443 -0.876499717410048
3.1389886366456388 -1.1484182591655192
-0.0659363783545253 -0.0004830671423222
-1.1850275775458083 -0.1556784971218425
2.2701669140316554 -0.5822918665132282
2.606377141115626 -0.7746144194209021
-1.0339414722032219 -0.1186023790206557
3.9064616908243983 -1.88659424806069
2.505885983887757 -0.7138474712737843
1.923460578132394 -0.415212952161457
0.3518599453589353 -1.7726151366355631
-0.0885547720302506 -0.0008713266865722
-1.9145139692240711 -0.403451343610143
3.8381203777498536 -1.8078466909687108
1.8043642701549123 -0.3647357393457042
1.0359802779646143 3.1114578309315766
1.1103455654468304 -3.090330887673784
0.2168338505349458 -1.3943432394918154
1.7445182266005386 -3.781074054134153
-3.1601049988360446 -1.066886535420714
-0.3393429055642772 -0.0127941595527414
-3.127527303581763 -1.0461493052176147
-1.885253999836972 -0.3913759675183904
-2.1738296091373295 -0.5179569353830298
-1.8152700086222169 -0.3632012743125462
1.8074428583904387 -3.8377625661857584
3.035193805361076 -1.0682229560154566
-3.024722267283482 -0.9817860016969993
-0.871678653974449 -0.0843483582303001
-1.8904379468263617 -0.3935026800450106
-3.260374889447828 -1.1317185184239766
2.978810099738565 -1.0262375168707552
2.04026079138625 -0.4681042140530917
-3.8203873607299306 -1.519642248509166
3.9580889679651623 -1.9483359721661864
2.454286914445711 -0.6837524850943824
1.8505151730900444 -3.87550192748594
3.5480126703171386 -1.505589316064234
-0.5411265762210347 -0.0325282630656802
2.65763900854137 -0.8067336750673707
-3.3199468109709462 -1.170940180805941
-2.941816560550361 -0.9310991345922622
-0.7538351202226536 -0.0631037829609328
2.199108023147682 -0.5455453711700196
2.378376075929692 -0.640812537372656
3.936581298375779 -1.9223679046127995
1.3553558280026579 -0.2048142796774908
-0.5422261614180721 -0.0326605508470632
2.756696025336449 -0.8710087620430613
1.047690977068581 3.129958044012046
-3.9327667209755406 -1.6022954521092416
0.0806927441706655 -0.0007234804060824
-0.3361500525212318 -0.0125545523476543
-2.1645376742196554 -0.513624838781149
-1.8383757718487257 -0.3723927054029459
0.5999902626900333 -0.0400105631388253
0.5353939727674275 2.210873418071503
-0.6043375390853116 -0.0405681536731083
-1.2508157760952132 -0.1733748519317178
1.1950040521750749 -3.197071226647848
2.78447370494941 -0.8895670013482974
-2.52994014855601 -0.6963479725709292
3.178519299051894 -1.1799872955431376
-3.422839225918663 -1.2398838761794997
1.5219978939568293 -3.5649689427183686
2.7455600290678035 -0.8636352474957595
-3.2338849605500775 -1.1144449471380873
-1.6080984515900578 -0.2857195533335213
0.0752357860579282 -0.0006289363122733
1.852300083790544 -3.877047468432688
-2.2015373297549727 -0.530974319062684
-1.310051225504556 -0.1901099385113381
-3.5540407238806573 -1.329927979531629
-2.5733713972737995 -0.7197082427000697
0.3131173102782024 -1.673233039197251
-0.6615335569423992 -0.0486058956500702
1.1928427149717518 3.3528787009560976
-3.998247170275687 -1.651127911989226
3.9298887635383486 -1.9143601441408935
-2.441118404218667 -0.649638552162001
-2.747421265429093 -0.8166744191838831
-2.1515789258518963 -0.5076112525194854
-2.505847762766403 -0.6835362140260975
-3.609214919943607 -1.3684837851378922
-0.4892713920588241 -0.0265942280581605
-1.6263101798647979 -0.292172086327306
0.5027660728764154 -0.0280908681068291
2.2583354663485853 -0.5760818116705217
2.2923620055263223 -0.5940410993036522
0.7206140648803077 -2.5173149627792477
-1.9556195459368697 -0.4207079167024458
2.0774473260572037 -0.4856585473524688
3.2840531389918253 -1.2671767509640282
3.904216399873336 -1.88395443954398
1.949035901138548 -0.4265052650034468
1.696948852627779 -3.7369643236925025
1.7842172171387043 -3.817055766523493
3.269360619198798 -1.2547775177410017
3.9591408602943687 -1.9496152896122807
-2.6942066793984347 -0.7864660896789317
-3.540721914312279 -1.3206810747358853
-0.5112403819706612 -0.0290354275071273
-3.1766979822429917 -1.077510884162785
3.73970096282152 -1.69986600903425
1.429897271564089 3.695956677899456
-1.0825059781052175 -0.1299767479415625
0.9136132861061234 -2.8199458895445675
-1.9054092396096804 -0.3996752800808806
-0.6136212183919039 -0.0418235306893459
3.649256577685632 -1.6057338085477122
2.110622586109839 -0.5016141519241948
2.5009373831345743 -0.7109290035651026
3.9555589447909543 -1.945262520204288
3.941770883046176 -1.9286009192508828
0.7351627982389148 -0.0600843770759534
-3.2080153742913113 -1.0976764472694998
-2.345579587407318 -0.6010205325310745
3.5811336302624364 -1.5377737864667924
-2.688588605444484 -0.783305466096105
-2.3995018384172253 -0.6282518098145682
1.4396141956012878 3.709558489272089
-2.5957592095326936 -0.7318819390288586
3.475320045472718 -1.4368181490576963
-1.1810261423652078 -0.1546324491310632
0.1333042796033706 1.0963116505873658
-1.2549765592348479 -0.1745255892211716
3.65673477108342 -1.6133437212193291
-0.2293229321649814 -0.0058431263642944
2.322283588490561 -0.6100870379052953
0.8834658489007268 -0.0868058099416213
-0.9198975782525886 -0.0939234277764192
3.125717546101259 -1.1379490967994976
-3.223758358823928 -1.1078690662413457
0.1725396095181173 1.2477872272916382
-0.0706482065921845 -0.0005545740756076
2.9260510062597733 -0.9879219691506498
1.528380865273264 -0.2608399594372268
-3.255278481973682 -1.1283871969391517
1.914434301315862 -3.929950871623355
-2.9035976917064623 -0.908107276807045
3.8575231474485654 -1.829874165556508
0.5893512258048093 2.3221355703669895
0.986367127904388 -0.1082451054313799
-2.431021126793145 -0.6444201277472742
3.6993233859066073 -1.657269292008093
1.5301333302003792 -3.5733216537070707
2.326928784963054 -0.6125994726955412
0.7880912595577918 -2.628035476625117
0.7173860959642733 -2.511870562849485
0.3270311243049111 -0.011883832021179
2.0016573291806914 -0.4502480169971888
2.6406764756306114 -0.7960203054656974
1.9930562741298647 -3.994434597049672
3.1160112873860832 -1.1303327191719883
-3.300283334852261 -1.15793678667558
-1.8412095429951936 -0.3735274991461278
-3.555571925083192 -1.330992565754665
-1.0388173402501018 -0.1197210676671496
-2.5525495832729908 -0.7084665417831799
2.253840819445804 -0.5737323169930424
3.126644294248176 -1.1386780938437486
1.470876032581348 3.7531015365613194
-3.216199879762489 -1.1029707938761875
1.5828722105004527 3.9065375655823895
2.392121598799296 -0.6484712869900795
-3.8860615534736938 -1.5677647183392416
-0.8152103011318586 -0.073786117074118
-0.2800401166022652 -0.0087133449566383
1.4006472760837703 3.6548130092950593
-2.3328294010286434 -0.5946612525453806
-3.2821794755199996 -1.1460144121517266
3.469037228266277 -1.4309908390993205
0.463638972403893 -2.030682525174066
0.0771092237166142 -0.0006606484579561
-1.1182994230167935 -0.1386897912998455
0.0023461411632475 -6.115975953e-07
-2.9368685607747347 -0.9281090707636598
-3.562092857647932 -1.3355298076630213
-2.679891430354118 -0.7784234281856947
3.933641031475181 -1.9188456130413232
3.0762052679576524 -1.099452058420884
3.5758618727753566 -1.5326144044086452
-3.317471856625051 -1.169300424439028
2.8371927880527243 -0.925447115771256
1.1421355707238474 3.2762738303740595
3.5106151383445265 -1.4698954897162326
-0.2163812802522012 -0.0052022453095054
2.353229896200096 -0.6269337726072319
1.2245826711692365 -3.2331496844210834
-0.9959132366371826 -0.1100560742462327
-0.8827031064750006 -0.0864924164536087
-0.4278960648474124 -0.0203417079360632
-1.9209479268841196 -0.4061298612775772
1.0339589182381816 3.1082560862926423
-1.0517310413520233 -0.122709041391256
-1.2430125175019118 -0.171226826029436
-2.1932989241679692 -0.527088293653956
-1.3124183635869606 -0.1907944333979864
-0.2587727633507404 -0.0074401946056383
-3.7135039944370183 -1.442437148120515
-3.0420472071946705 -0.9925166691042616
1.719225951710361 -0.3307538289150094
1.8572913014045207 -0.3867417336027718
2.7186760684174454 -0.8459898537212442
-3.108173068305333 -1.0339065274995167
1.877818645869292 -0.3954597247572558
-2.5177682096678557 -0.6898620793968292
-2.6727829857433383 -0.7744429931943788
1.0888449436789829 -0.1319659978017674
-3.2396138038595392 -1.1181718159452168
0.7045324941631295 -2.4900504240737007
-2.15558055310564 -0.5094647407150558
-3.6545789374390583 -1.4004814855503052
-1.8518766113061147 -0.3778138833756802
-3.7836135203104826 -1.4929216815793545
3.891345951857165 -1.8688932100902669
-1.5624795092191057 -0.2698626824520723
-3.2979399886093823 -1.1563908774392957
-0.891016863332939 -0.0881269899832027
-2.1529642551892794 -0.5082525610940186
3.727935475960459 -1.6873558136310953
-2.7475900788785106 -0.8167710250968261
3.102493180860791 -1.1197819933226671
-1.6078937391264327 -0.285647418237697
2.239971677739227 -0.566515863546708
0.7995917904358532 2.7174346061571013
-1.2223471808000088 -0.1656019183509236
-3.3075068393270897 -1.1627071603897046
0.8312095052574202 -0.0768283128089532
2.885287210750014 -0.9589455618364994
3.571810456301179 -1.5286588556775424
3.7821884713892153 -1.7457354900141615
1.8579603266934177 -3.881939028576894
-3.1415661152122203 -1.0550657720955796
-3.735406043906552 -1.4581430976093266
3.970912941339343 -1.9639926117020607
-3.635026857791885 -1.386657780717738
-2.5658131944692073 -0.7156185813255809
1.0556040166637741 3.1424120530217055
-3.2532465906504155 -1.1270600968074014
-0.8654499801441675 -0.0831488251178469
-0.1562644374647553 -0.0027131607339679
-0.1658211972533294 -0.0030551663870922
-1.3455522615543636 -0.2005022741854353
-1.8610948894944055 -0.3815368112943115
3.7133023907558225 -1.6719096327774683
3.7644659528432993 -1.7264685421935209
3.0517317972642353 -1.0807453485122256
-1.4302855575283333 -0.2264003632523112
-1.8046752583904049 -0.3590233095341101
1.5336554611337307 3.839583895976289
-0.572497847208024 -0.0364077210137832
-0.0023894651025174 -6.343937196e-07
-1.547931500985289 -0.2648981702210796
-3.203149818586591 -1.0945337964405237
3.6192502467920686 -1.5755002597235095
-0.780155380940375 -0.0675829722852035
1.0056576192633289 -0.1125293526278113
-2.5076365331502997 -0.6844838223998594
3.5861020812924007 -1.5426491876309272
-0.4366504054261471 -0.0211824233150338
-2.9161694425182256 -0.9156438913514114
-1.1170380306112975 -0.1383779846173684
-0.4588948740099577 -0.0233951779368805
-0.247624142266651 -0.0068129376418185
-1.4492220841885155 -0.2323981937523336
-2.1380111731650917 -0.5013501470623256
0.6911436108641391 -2.46707765893235
-2.467106185066892 -0.6631557434318182
-1.5453651670568416 -0.2640270482508565
-2.6917380762930403 -0.7850766239702416
3.9998851474033215 -1.9998564398188088
-3.6686098953929926 -1.4104318265558329
0.2147824350780434 -0.0051257912713113
2.0253439610405763 -0.461160190239095
0.8958057587482777 -2.7937325925440253
1.7264855331154365 -0.3335836594224056
-3.8942354217068025 -1.5737896561763514
2.4572213712111237 -0.6854441562743795
-3.7916425477069913 -1.498741750441084
-1.1086431444484086 -0.1363116707329856
-2.2318348455869206 -0.5453782257138384
2.064628676998826 -0.4795680182523342
1.97453163174613 -0.4379231692191688
2.0054877404943374 -0.4520031556060216
-1.8531504037075244 -0.3783272892127532
-1.7183448978822602 -0.3258417908423982
2.918600374719749 -0.982585294594747
-1.3871610145128015 -0.213027392831315
1.413245880702588 -0.2227875995837081
-3.057470821923113 -1.0021095393526527
3.6804465885483855 -1.63767540534175
3.5499503348049277 -1.5074572135979296
-1.6098644953376224 -0.2863422246912538
0.6583705084608109 -0.0481801781677957
-3.346443532363338 -1.1885505555519114
2.5124446979688946 -0.7177261056817064
-0.6933803324069574 -0.0533951927336477
-3.038197091769817 -0.9901278966683548
-3.159387504748474 -1.066428072668281
1.2784773659267081 3.4794921735303896
-1.9346263267361408 -0.4118521199283432
3.6728255641156897 -1.629821356513565
1.5498242186876308 3.8616589609372345
-2.608878554177087 -0.7390572472765371
3.878701134326144 -1.854211726060346
3.4512500022177965 -1.414591129940555
3.0758140355396186 -1.0991513526552426
2.404306583564072 -0.6553034454349336
-1.2548533399234127 -0.1744914569493018
-1.0461196786846054 -0.1214062011782463
1.0675607888802956 -0.12684419281915
-1.1913660468853982 -0.1573426070919457
3.4564039001848217 -1.4193281727086777
-3.9257113986641623 -1.5970630390153038
1.4553313254466609 3.731491123176748
-3.5754881241331065 -1.3448678441942736
3.7917854231034935 -1.756250285113757
1.3815154758012076 -3.4148953548206835
-0.0653815834382936 -0.0004749722015568
-1.010888740944579 -0.1133837887532826
2.5327029986636713 -0.7297827735110699
2.2883989330327505 -0.5919336540366669
-1.1957436671435397 -0.1584970071283471
3.0784154528765377 -1.1011518503539954
0.11836470015729 -0.0015566926792941
-3.1479604193509596 -1.0591369850504482
-2.1976024023735743 -0.5291165906874781
0.398937817023234 1.903626349144958
-2.0883357782969085 -0.4787341329088293
0.6561828923785455 2.4537301766341044
0.7076403293689832 -0.0556665110747849
2.793210133653983 -0.8954530116332747
1.8433138085014944 -0.3808641638352994
-3.4195170014496803 -1.237634477601648
0.2454347586065246 1.4895765060519737
-0.6954047170209421 -0.053707216512202
-2.3970221978597444 -0.6269876608053356
1.6121787379538413 -0.2904803959020272
1.0487413596921735 -0.1224007793422038
-3.56863109554659 -1.340084746532693
-1.0274863985107103 -0.1171293727225632
-2.250290632543969 -0.5542389275156355
-0.7998356137281597 -0.0710321023371703
-3.277031519511307 -1.142632937344821
-1.727160962895038 -0.3291596190094934
-3.3587476280495467 -1.1967623522741415
1.1592210600517792 3.3022291649289506
-2.642842553980654 -0.7577746262637057
1.2508164779875344 3.438953845587217
-2.6533552264135745 -0.7636093109309627
-1.6187861931089262 -0.289497848969774
1.2316786711190728 -0.1689945395116808
-2.1312331144525123 -0.4982357515302599
3.6601979342703097 -1.6168781730768669
-1.0252141158869383 -0.1166130233769345
3.014098966527289 -1.0523876204268563
-3.939752625113981 -1.607482012234475